ID	E.SRR341616	E.SRR341617	E.SRR341618	E.SRR341619	E.SRR341620	E.SRR341621	E.SRR341622	E.SRR341623	E.SRR341624	E.SRR341625	E.SRR341626	E.SRR341627	E.SRR341628	E.SRR341629	E.SRR341630	E.SRR341631	E.SRR341632	E.SRR341633	E.SRR341634	E.SRR341635	E.SRR341636	E.SRR341637	E.SRR341638	E.SRR341639	E.SRR341640	E.SRR341641	E.SRR341642	E.SRR341643	E.SRR341644	E.SRR341645	E.SRR341646	E.SRR341647	E.SRR341648	E.SRR341649	E.SRR341650	E.SRR341651	E.SRR341652	E.SRR341653	E.SRR341690	E.SRR341691	E.SRR341692	E.SRR341693	E.SRR341694	E.SRR341695	E.SRR341696	E.SRR341697	E.SRR341698	E.SRR341699	E.SRR341700	E.SRR341701	E.SRR341702	E.SRR341703	E.SRR341704	E.SRR341705	E.SRR341706	E.SRR341707	E.SRR341708	E.SRR341709	E.SRR341710	E.SRR341711	E.SRR341712	E.SRR341713	E.SRR341714	E.SRR341715	E.SRR341716	E.SRR341717	E.SRR341718	E.SRR341719	E.SRR341720	E.SRR341721	E.SRR341722	E.SRR341723	x
Acidaminococcus	0	0	0	0	0	0	0	0	0.00217882	0	0	0	0	0	0	0	0.00019679	0.00042894	0	0.00106286	0	0	0	0	0.00045582	0.00051374	0	0	0.00035521	0	0.00039925	0.00082201	0.00106912	0	0	0	0	0	0	0.00029069	0	0.000423	0.00046864	0	0	0.00043605	0.00031596	0	0	0	0	0	0	0.00049618	0	0	0.00030337	0.00062566	0	0	0	0	0	0	0	0.0009131	0	0	0	0	0	0	
Actinomyces	0	0	0	0	0	0	0	0	0	0	0	0	0	0	0	0	0	0	0	0	0	0	0	0	0	0	0	0	0	0	0	0	0	0	0	0	0	0	0	0	0	0	0	0	0	0	0	0	0	0	0	0.00027287	0	0	0	0	0	0	0	0	0	0	0	0	0	0	0	0	0	0	0	0	
Akkermansia	0	0	0	0	0	0	0	0	0	0	0	0	0	0	0	0	0	0	0	0	0	0	0	0	0	0	0	0	0	0	0	0	0	0	0	0	0	0	0	0	0	0	0	0	0	0	0	0	0	0	0	0	0	0	0	0	0	0.00987404	0	0	0	0	0	0	0	0	0	0	0	0.01674007	0	0	
Alistipes	0.02196818	0	0.00394233	0	0.00226983	0.03867606	0.00097112	0.00220009	0	0	0.00329024	0.01271678	0	0	0.03151834	0	0	0.01984174	0.00159263	0.06478615	0	0.03277856	0.00082155	0.00126937	0.00122882	0.01566599	0.00142273	0.03721224	0	0.00328637	0.00169211	0.01625988	0.05399656	0	0.00435667	0	0	0	0.01615441	0.02801216	0.00389001	0	0	0	0.010641	0	0.01383679	0.04469596	0.00819069	0.00066835	0.0234229	0	0	0.01446017	0.00126669	0.01143829	0.01230239	0.05657657	0.0336572	0.05101995	0	0	0.00199089	0	0.02531148	0	0.02526264	0.00204254	0.00292619	0.05332422	0.02140018	0	
Alloprevotella	0	0	0	0	0	0	0	0	0	0.01020127	0	0	0	0.00767313	0	0.00663947	0	0	0	0	0	0	0	0	0	0	0	0	0	0	0	0	0	0	0	0	0	0	0	0	0	0	0	0	0	0	0	0	0	0	0	0	0	0	0	0	0	0	0	0	0	0	0	0	0	0	0	0	0	0	0	0	
Anaerostipes	0	0	0	0	0	0	0	0	0	0	0	0	0	0	0	0	0	0	0	0	0	0	0	0	0	0	0	0	0	0	0	0	0	0.0004057	0	0	0.00103786	0.00036188	0	0.00033738	0	0	0	0	0	0	0	0	0	0	0	0.00215476	0.00057308	0	0	0.00038167	0	0	0	0	0	0.00091536	0	0.00078288	0	0	0	0	0	0	0	0	
Anaerotruncus	0	0	0	0	0.00053378	0	0	0	0	0	0	0	0	0	0.00120087	0	0	0	0	0	0	0	0	0	0	0.00044693	0	0	0	0	0	0	0	0	0	0	0	0	0	0	0	0	0	0	0	0	0	0.00046894	0	0	0.00083657	0	0	0.00046622	0	0	0	0.00147025	0	0	0	0	0	0	0	0	0	0	0	0	0	0	
Bacillus	0	0	0.000718	0	0.00240728	0	0	0	0	0	0	0	0	0	0	0	0	0.00039129	0	0	0	0	0	0	0	0	0	0.00086818	0	0.00081998	0	0	0	0	0	0	0.00086231	0	0	0.00057198	0	0	0	0.00037388	0	0	0	0	0	0	0.00094425	0	0	0.00068584	0	0.00094677	0	0.00042621	0	0	0	0	0	0.00057139	0	0	0	0	0	0	0	0	
Bacteroides	0.58878613	0.5152038	0.31900335	0.31220307	0.24020258	0.60383158	0.76225924	0.46660205	0.70977515	0.24499864	0.67922891	0.60684196	0.2308583	0.07969026	0.41336306	0.08572425	0.56977545	0.56710557	0.07116399	0.3227136	0.55283113	0.50776855	0.71247269	0.5234707	0.73429757	0.71373827	0.58561685	0.23362929	0.66579249	0.23174062	0.69572229	0.16248018	0.27606618	0.41936246	0.3149962	0.64089423	0.16571462	0.60318407	0.56174225	0.51469721	0.43120061	0.78652232	0.17815514	0.0579841	0.47397241	0.47691173	0.40859336	0.47567342	0.30959824	0.3048002	0.27113289	0	0.37441786	0.26730748	0.51230688	0.20829084	0.53576406	0.46218526	0.42111496	0.39607476	0.06863761	0.20097534	0.19225721	0.11301997	0.53538912	0.61503304	0.64820828	0.6389014	0.05713716	0.19256993	0.25033885	0.56399016	
Barnesiella	0	0	0	0	0	0	0	0	0	0	0	0	0	0	0	0	0	0	0	0.00075136	0	0	0	0	0	0	0.00047838	0	0	0	0	0.00631395	0.0225013	0	0	0	0	0	0.00156832	0	0	0	0	0	0.01769217	0	0	0	0	0	0	0	0	0	0	0	0	0	0	0	0	0	0	0	0	0	0	0	0	0.00527037	0	0	
Bifidobacterium	0	0	0	0	0	0	0	0	0.02250469	0	0	0	0	0	0	0	0	0	0	0	0	0	0	0	0	0	0	0	0	0	0	0	0	0	0	0	0	0	0	0	0	0	0.00135625	0	0	0	0	0	0	0	0	0.0183183	0	0	0	0.00095086	0	0	0	0	0.00063555	0.00833711	0	0	0	0	0	0	0	0	0	0	
Bilophila	0	0	0	0	0	0	0	0	0	0	0	0	0	0	0	0	0	0	0	0	0.00425946	0	0	0	0.00018971	0	0	0	0	0	0	0	0	0	0	0	0	0.00045283	0	0	0	0	0	0	0	0	0	0	0	0	0	0	0	0	0	0	0	0	0	0	0	0	0	0	0	0	0	0	0	0	0	0	
Blautia	0.00141678	0.00243295	0.0013836	0	0.00230248	0.00089875	0	0.00246813	0	0.00104262	0	0	0.0037479	0	0.00105259	0	0.00240371	0.00166475	0.00093466	0.00167933	0.00188259	0.00138971	0.00058231	0.00155774	0	0.00094235	0.00126478	0.00537395	0.00297431	0.00138126	0	0.00219687	0.00284456	0.00286847	0.00068533	0.0010199	0.00735631	0.00200419	0.00030994	0.00251225	0.00160787	0.00034722	0.0005188	0.00215975	0.00478143	0.00428278	0.00159994	0.00171455	0.00171881	0	0.00456389	0.03428832	0.00720997	0.00209912	0.00170019	0.00650111	0.00292257	0.00099456	0.00201046	0.00096185	0.00215556	0.00784135	0.01487881	0.03925242	0.00195675	0.00378072	0	0.00103239	0.0008323	0.00195151	0.00034869	0.00088327	
Butyricicoccus	0	0	0	0	0	0	0	0	0	0	0	0	0	0	0	0	0	0	0	0	0	0	0	0	0	0	0	0	0	0	0	0	0	0	0	0	0	0	0	0	0	0	0	0	0	0	0	0	0	0	0	0	0	0	0	0	0.00043935	0	0	0	0	0	0.00046468	0.00081723	0	0	0	0	0	0	0	0	
Butyricimonas	0	0	0	0	0	0	0	0	0	0	0.00465332	0	0	0	0	0	0.00014472	0.00022021	0	0.00067967	0	0	0	0	0.00119453	0	0	0	0	0	0	0	0	0	0	0	0	0	0	0	0	0	0	0	0	0	0.00029408	0	0	0	0	0	0	0	0	0	0	0	0	0.00107437	0	0	0	0	0	0	0	0	0	0	0	0	
Butyrivibrio	0.00138703	0.00117601	0.0031647	0	0.0026902	0.00157135	0.00044602	0.00231123	0	0.00137684	0	0	0.00579619	0	0.00176422	0	0.00558957	0.00042918	0.00057473	0.00058749	0.00131347	0.00147262	0.0003164	0.0010302	0	0	0.00098255	0.00290757	0	0.00296888	0	0.00207689	0.00106926	0.00175643	0	0.00110113	0.00134956	0.00081213	0	0.00069464	0.00328816	0	0	0.00144753	0	0	0.00090681	0.00139357	0.00226438	0	0.00188568	0.00040169	0.00126663	0.00203952	0.00084018	0.00225539	0.00079226	0.00077957	0.0013257	0	0.00098541	0.00435188	0.00160035	0.00175912	0.00098466	0	0	0.00111568	0.00084604	0.00130042	0	0.00058098	
Catenibacterium	0	0	0	0	0	0	0	0	0	0	0	0	0	0	0	0	0	0	0	0	0	0	0	0	0	0	0	0	0	0	0	0	0	0	0	0	0	0	0	0	0	0	0	0.00769531	0	0	0	0	0	0	0	0.00041335	0	0	0	0.00150286	0	0	0	0	0	0	0.00091453	0.00075453	0	0	0	0	0	0	0	0	
Citrobacter	0	0	0	0	0	0	0	0	0	0	0	0	0	0	0	0	0	0.00018824	0	0	0	0	0	0	0	0	0	0	0	0	0	0	0	0	0	0	0	0	0	0	0	0	0	0	0	0	0	0	0	0	0	0	0	0	0	0	0	0	0	0	0	0	0	0	0	0	0	0	0	0	0	0	
Clostridium	0.00476365	0.00714189	0.0106847	0.00586258	0.03121074	0.00748239	0.00213206	0.02079776	0.00400412	0.00844887	0	0.00510635	0.01031459	0.00339237	0.0093802	0.00158905	0.00806207	0.00377116	0.00475856	0.0160426	0.00889786	0.01292138	0.00340084	0.00450903	0.00160992	0.00820917	0.0049322	0.01589826	0.01154829	0.02807338	0.00353458	0.04009462	0.01667433	0.00836161	0.00225732	0.0017471	0.05818576	0.00496414	0.00163856	0.00611119	0.02795115	0.00183135	0.00229431	0.00741286	0.00669398	0.00925491	0.00942177	0.02948525	0.00817792	0.00094127	0.01956086	0.00783084	0.0099054	0.01944501	0.00776589	0.01622304	0.00691211	0.01713077	0.00442134	0.03362562	0.00372502	0.01701643	0.00743794	0.00775926	0.01300007	0.01757764	0.00348981	0.01806835	0.01690374	0.0183107	0.00149118	0.00496957	
Collinsella	0	0	0	0	0	0	0	0	0	0	0	0	0	0	0	0	0	0	0	0	0	0	0	0	0	0	0	0	0	0	0	0	0.00054535	0	0	0	0	0	0	0	0	0	0	0	0	0	0	0	0	0	0	0.0009909	0	0	0	0	0.00071891	0	0	0	0	0	0	0.00107868	0	0	0	0	0	0	0	0	
Coprobacillus	0	0	0	0	0	0	0	0	0	0	0	0	0	0	0	0	0	0	0	0	0	0	0	0	0	0	0	0	0	0	0	0	0	0	0	0	0	0	0	0	0	0	0	0	0	0	0	0	0	0	0	0.00071848	0.0007689	0	0	0.0035954	0.00036342	0	0	0.00105696	0	0.00030373	0.00212943	0.00236602	0	0	0	0	0	0	0	0	
Coprococcus	0	0.00089077	0.00152728	0.00158898	0.00356618	0	0	0.00573082	0	0.0034074	0	0	0.00275948	0	0	0	0.00088317	0.00042116	0.00167339	0.00099469	0.00130797	0.00297633	0	0.00083747	0	0	0.00079235	0.00367874	0	0.00165623	0	0.00196369	0.01150675	0.00157792	0	0	0.005563	0.00061774	0	0.00082974	0.00383977	0	0	0.01158484	0.00036174	0.0004823	0.00335914	0.00137266	0.00136776	0	0.01230204	0.00514546	0.00132108	0.00825756	0.00732403	0.00250468	0.00584972	0.00403901	0	0.00097267	0	0.00235572	0.00181095	0.00260023	0.00502462	0.0022092	0	0.00123817	0.00073374	0.00420239	0	0	
Dialister	0	0	0	0	0	0	0	0	0	0	0	0	0.00412722	0.00551338	0	0	0	0	0.0147078	0	0.00190214	0	0	0	0	0	0	0	0	0	0	0	0.00297076	0	0	0	0	0	0	0	0	0	0	0	0	0.0105938	0	0.00495561	0	0	0	0	0	0	0	0	0	0	0.00558498	0.01636446	0.0156093	0	0	0.00523505	0	0	0	0	0.01193473	0.03773254	0	0	
Dorea	0	0	0.00072151	0	0.00082615	0	0	0.00107227	0	0	0	0	0.00265737	0	0	0	0.00105104	0.00065055	0	0	0.00079963	0	0	0.00066856	0	0	0	0.0016343	0.00033758	0.00091672	0	0.00126606	0.00108316	0.00071236	0	0	0.0056492	0.00284629	0	0.0007284	0.00075962	0	0	0.00102376	0.00026956	0.00098248	0.00102056	0.00052587	0.00113853	0	0.00150474	0.01465614	0.00100766	0.00089273	0.00115894	0.00203218	0.00287421	0.00083679	0.00048009	0.00053732	0.001478	0.00197545	0.00140865	0.01125272	0.00070862	0	0	0	0.00055124	0	0	0.00055216	
Enterobacter	0	0	0	0	0	0	0	0	0	0	0	0	0	0	0	0	0	0	0	0	0	0	0	0	0	0	0	0	0	0	0	0	0	0	0	0	0	0	0	0	0	0	0	0	0.00145562	0	0	0	0	0	0	0.01801686	0	0	0	0	0	0	0	0	0	0	0	0	0	0	0	0	0	0	0	0	
Enterococcus	0	0	0	0	0	0	0	0	0	0	0	0	0	0	0	0	0	0	0	0	0	0	0	0	0	0	0	0.00063497	0	0	0	0	0	0	0	0	0	0	0	0	0	0	0	0	0	0	0	0	0	0	0.0007087	0	0	0.00070259	0	0.00079933	0	0.00054359	0	0	0	0	0	0	0	0	0	0	0	0	0	0	
Erysipelatoclostridium	0	0	0	0	0	0	0	0	0	0	0	0	0	0	0	0	0	0	0	0	0	0	0	0	0	0	0	0	0	0	0	0	0	0	0	0	0	0	0	0	0	0	0	0	0	0	0	0	0	0	0	0.0003973	0	0	0	0.00286345	0.00021799	0	0	0	0	0	0.0016732	0.0015362	0	0	0	0	0	0	0	0	
Escherichia	0	0	0	0	0	0	0	0	0.00108949	0.00284671	0.02433651	0	0.00058519	0	0.01632516	0.00155079	0.00061546	0.0027729	0	0	0.00326848	0	0.01051449	0	0	0	0	0	0.00844028	0	0.00046138	0	0	0	0	0	0	0.01167015	0.00241621	0	0	0.00041832	0.0071644	0	0.00930972	0	0	0	0.01374032	0.00421461	0	0	0	0	0	0	0	0	0.00039834	0	0	0	0.06048993	0	0	0	0	0	0	0	0.00071471	0.01665799	
Eubacterium	0.08073736	0.05223724	0.05204997	0.03332831	0.06997887	0.01633185	0.01243124	0.01942743	0	0.04184206	0	0.11394062	0.21842257	0.00263332	0.00333174	0.00064968	0.01118838	0.00449203	0.00991141	0.02477953	0.05234642	0.04967068	0.00188487	0.01759751	0.00395811	0.00174757	0.02497769	0.03480638	0.00575862	0.01087926	0.0004472	0.02987262	0.0328974	0.06263249	0.00235666	0.0589612	0.06804534	0.01796451	0	0.03529042	0.03612262	0.00103202	0	0.04306189	0.0112469	0.00914164	0.09352227	0.03364479	0.14653345	0	0.02666344	0.00484749	0.08215419	0.05826549	0.06690743	0.08080963	0.08313782	0.01827013	0.02056749	0.01365139	0.07349437	0.05573636	0.07621138	0.10642191	0.03494553	0.00524942	0.03307785	0.03421377	0.01328222	0.00543017	0.00767871	0.01185449	
Faecalibacterium	0.02423254	0.03220301	0.01257093	0.04271837	0.0449522	0.05125212	0.00416733	0.00670213	0.008855	0.00323359	0	0.02704356	0.02401717	0.02920135	0.0289396	0.00324942	0.00219801	0.0068588	0.00342824	0.00408924	0.03782411	0.00436727	0.00157603	0.04888005	0.00759522	0.02745799	0.07758301	0.00297432	0	0.00873736	0.03048191	0.01667594	0.00261797	0.02737148	0.0022318	0.00493691	0.025286	0.00307467	0.04316696	0.08542417	0.01694969	0.03180809	0	0.02862432	0.0080835	0.11996898	0.07624149	0.02163793	0.05016288	0.00069991	0.01972225	0.00065623	0.16920979	0.0424459	0.03494154	0.07281466	0.06250735	0.02003829	0.04354171	0.00373935	0.00971823	0.02468303	0.07058622	0.03870753	0.02644233	0.00072808	0.08817791	0.00807427	0.06628604	0.03464632	0.02005603	0.08363126	
Flavonifractor	0	0	0	0	0	0	0	0	0.00188559	0	0	0.00112464	0	0	0	0	0	0	0	0	0.00121814	0	0	0	0	0	0	0	0	0	0	0	0	0	0	0	0	0	0	0	0	0	0	0	0	0	0	0.00036284	0	0	0	0	0	0	0	0	0	0.00049076	0	0	0	0	0	0	0	0	0	0	0	0	0	0	
Fusobacterium	0.00178726	0	0	0	0	0	0	0	0.01394472	0	0	0	0	0	0	0	0.00147269	0.02187636	0	0	0.00443225	0	0	0	0.02976421	0	0	0	0.01930693	0	0	0	0	0	0.01928408	0.03578696	0.05076967	0	0	0	0	0.0215653	0	0	0.01026813	0	0	0	0	0.02066818	0	0.00927337	0.00053414	0	0	0	0	0	0	0	0	0	0	0	0	0.00375753	0	0	0	0	0	0	
Haemophilus	0	0	0	0	0	0	0	0	0	0	0	0	0	0	0	0	0	0	0	0	0	0	0	0	0	0	0	0	0	0	0	0	0	0.00558935	0	0	0.00924631	0	0	0	0	0	0	0.00316446	0	0.00239761	0	0	0	0	0	0.0032234	0	0	0	0.00182609	0	0	0	0	0	0	0	0	0	0	0	0	0	0	0	0	
Holdemanella	0	0	0	0	0	0	0	0	0	0	0	0	0	0	0	0	0	0	0	0	0	0	0	0	0	0	0	0	0	0	0	0	0	0	0	0	0	0	0	0	0	0	0	0.02006225	0	0	0	0	0	0	0.00071032	0	0	0	0.00052232	0.00052656	0	0	0	0	0	0	0	0.04576114	0	0	0	0	0	0	0	0	
Intestinibacter	0	0	0	0	0	0	0	0	0	0	0	0	0	0	0	0	0	0	0	0	0	0	0	0	0	0	0	0	0	0	0	0	0	0	0	0	0.00107032	0	0	0	0	0	0	0	0	0	0	0	0	0	0	0	0	0	0	0	0	0	0	0	0	0	0	0	0	0	0	0	0	0	0	0	
Klebsiella	0	0	0	0	0	0	0	0	0	0	0	0	0	0	0	0	0	0	0	0	0	0	0	0	0	0	0	0	0	0	0	0	0	0	0	0	0.04252768	0	0	0	0	0	0	0	0.00330799	0	0	0	0	0	0	0.00101943	0	0	0	0	0	0	0	0	0	0	0.00262901	0	0	0	0	0	0	0	0.00315302	0	
Lachnoclostridium	0	0	0.00309723	0	0.00262902	0	0	0.00237386	0	0	0	0	0.00107441	0	0.00258227	0	0.00187886	0.00079615	0	0	0.00237488	0	0	0.00060197	0.00021389	0	0.00094885	0.00235907	0.00347481	0.002249	0.00038053	0.00402518	0	0.00312331	0	0	0.00128268	0.00093449	0	0.00062786	0.00173888	0	0.00034737	0.00087169	0	0.00181544	0.00071979	0.00231877	0.00201347	0	0.00217881	0.00075719	0	0.00292785	0.00098908	0.0019167	0.00044801	0.00122544	0.00050358	0.00112683	0	0.00555587	0	0.00157099	0.00180011	0.00460115	0	0	0	0.00090739	0	0.00058876	
Lactobacillus	0	0	0	0	0	0	0	0	0	0	0	0	0	0	0	0	0	0	0	0	0	0	0	0	0	0	0	0	0	0	0	0	0	0	0	0	0	0	0	0	0	0	0	0	0	0	0	0	0	0	0	0.12417734	0	0	0	0.00073053	0	0	0	0	0	0	0	0	0	0	0	0	0	0	0	0	
Marvinbryantia	0	0	0	0	0.00088116	0	0	0	0	0	0	0	0	0	0	0	0	0	0	0	0	0	0	0	0	0	0	0	0	0	0	0	0.00065147	0	0	0	0	0	0	0	0.00051874	0	0	0	0	0	0	0	0	0	0	0.00128179	0	0	0	0.00069008	0	0	0	0	0	0	0	0.00113877	0	0	0	0	0	0	0	0	
Megamonas	0.05030874	0.0660951	0	0	0	0	0.04192305	0	0	0	0	0	0	0	0	0	0	0	0	0.0098838	0	0	0	0	0	0	0	0	0	0	0	0	0.03620365	0	0	0	0.02593806	0	0.05774557	0	0	0.00390198	0	0	0.07035458	0	0	0	0	0.01707275	0	0	0	0	0	0.00144057	0	0	0	0	0.012117	0.0472829	0	0	0	0	0	0	0.04160723	0	0	0	
Megasphaera	0	0	0	0	0	0	0	0	0	0	0	0	0	0	0	0	0	0	0	0	0	0	0	0	0	0	0	0	0	0	0	0	0	0	0	0	0	0	0	0	0	0	0	0	0	0.00080195	0	0	0	0	0	0	0	0	0	0	0	0	0	0	0	0	0	0	0	0	0	0	0	0	0	0	
Mitsuokella	0	0	0	0	0	0	0	0	0	0	0	0	0	0	0	0	0	0	0	0	0	0	0	0	0	0	0	0	0	0	0	0	0	0	0.0002308	0	0	0	0	0	0	0	0	0	0	0	0	0	0	0	0	0	0	0	0	0	0	0	0	0	0	0	0	0	0	0	0	0	0	0	0	0	
Odoribacter	0	0	0	0	0.00484216	0	0	0.00142335	0	0	0.0109859	0.00201966	0	0	0	0	0	0.00964302	0	0.01125181	0	0	0	0.00183081	0.002025	0	0.00069674	0	0	0	0	0.00104933	0.00062721	0	0	0	0	0	0	0	0	0	0	0	0.00047615	0	0.00342638	0	0	0	0.00112935	0	0	0	0	0	0.00049296	0	0.00358625	0.00072881	0	0	0	0	0.00023764	0	0	0	0	0	0	0	
Oribacterium	0	0	0	0	0	0	0	0	0	0	0	0	0	0	0	0	0	0	0	0	0	0	0	0	0	0	0	0	0	0	0	0	0	0	0	0	0	0	0	0	0	0	0	0	0	0	0	0	0	0	0	0	0	0	0	0	0	0.00037265	0	0	0	0	0	0	0	0	0	0	0	0	0	0	
Oscillibacter	0	0	0	0	0.00069285	0.0006465	0	0	0	0	0	0	0	0	0	0	0	0	0	0.00066632	0	0	0	0	0	0.00358377	0	0.00066887	0	0	0	0.00096918	0.00151132	0	0	0	0	0	0	0	0	0	0	0	0	0	0	0.00303119	0	0	0.00189925	0	0	0.00100568	0.00547213	0	0	0.0087605	0	0.00114671	0	0	0	0	0	0	0	0	0	0.01029531	0	0	
Paenibacillus	0	0	0.00056555	0	0.00102104	0	0	0	0	0	0	0	0	0	0	0	0	0	0	0	0	0	0	0	0	0	0	0.00055735	0	0.00071825	0	0	0.00046757	0.00068896	0	0	0	0	0	0	0	0	0	0	0	0	0	0	0	0	0.00117656	0	0	0.00065896	0	0	0	0.00056167	0	0	0	0	0	0	0	0	0	0	0	0.00101603	0	0	
Parabacteroides	0.00179792	0.00183806	0.00209546	0	0.01297417	0.02373222	0.00255422	0.00235011	0.02092976	0.00293273	0.0164992	0	0.00340625	0	0.00282174	0.00336204	0.00867603	0.04439563	0.00172171	0.00393901	0	0.00195204	0.01707651	0.03180601	0.02191352	0.00223087	0.00534814	0.00475603	0.01890614	0.00200563	0.0176041	0.001767	0.0029432	0.0021999	0.00877245	0.03152952	0.00081946	0.00781256	0.03458237	0.00274543	0.00322107	0.00341358	0.002024	0	0.01211918	0.04821478	0.015214	0.00464806	0.00139942	0.01651028	0.00216612	0	0.00135222	0.00143837	0.00202174	0.00087129	0.01043705	0.0039664	0.01030141	0.00541107	0	0.01787689	0.00171169	0	0.00169551	0.00907764	0.01188242	0.00438587	0.00282611	0.01581612	0.0033524	0.00427531	
Paraprevotella	0	0	0	0.00108856	0.00217821	0	0	0	0	0	0	0	0.00639027	0	0	0	0	0	0	0	0	0	0	0	0	0	0	0.0006458	0	0.0007227	0.00970904	0.00072581	0	0	0	0	0	0	0	0	0.00068177	0	0	0	0.01895614	0	0	0	0	0	0	0	0	0	0	0	0	0.00227309	0.0212155	0	0	0	0	0	0	0	0	0	0	0	0	0	
Parasutterella	0	0	0	0	0	0.00067629	0	0	0	0	0	0.00264229	0	0	0	0	0	0	0	0	0	0	0	0	0.00135752	0	0	0.00063369	0	0	0	0.00083838	0	0	0	0	0	0	0	0	0.00235895	0	0	0	0	0.0008243	0	0	0.00055797	0	0	0	0	0	0	0	0	0	0	0	0	0	0	0	0	0	0	0	0	0	0	0	
Peptoclostridium	0	0	0	0	0	0	0	0	0	0	0	0	0	0	0	0	0	0	0	0	0	0	0	0	0	0	0	0	0	0	0	0	0	0.00029203	0	0	0.00629976	0	0	0	0	0	0	0.00089483	0	0	0	0	0	0	0	0	0	0	0	0	0	0	0	0	0	0	0	0	0	0	0	0	0	0	0	0	
Phascolarctobacterium	0	0	0.00038157	0.00491685	0.00100197	0	0.00071052	0	0.02983683	0.0029102	0.00166173	0.0076886	0	0	0.01332789	0.00232956	0.00250743	0.00474765	0	0.01600609	0	0	0.00313461	0.00241354	0.00718375	0.00728003	0.00355842	0.00343536	0.00401011	0.00131193	0.00622754	0.01146279	0.01357676	0	0.01390779	0.00416745	0	0	0.00118352	0.00422791	0.00879716	0.0057385	0.00708033	0	0.00139975	0.00126749	0.00434116	0	0	0.00100578	0	0	0	0.00715505	0.01497548	0	0.00469011	0.00761347	0	0	0	0.00092738	0	0	0.0038202	0.00664537	0.00162154	0.00193077	0	0	0.01821804	0	
Prevotella	0.00169471	0.00200549	0.13076025	0.38071829	0.00955706	0.00177956	0.00279956	0.00184366	0	0.28591892	0	0	0.09900991	0.52805624	0.06289893	0.58898639	0.0013421	0.00116755	0.32950865	0.10362067	0	0.00230291	0.00242432	0.00202621	0.00165721	0.00233738	0.00263175	0.00143637	0.00281629	0.24629599	0.00611296	0.18594189	0.08494151	0.00239917	0.31704869	0.00123031	0.00092081	0.0034329	0.00714411	0.00244937	0.00215917	0.00119658	0.53634944	0.4029278	0.05998861	0.00139882	0.00097167	0.00545078	0.00201016	0.42406196	0.03219944	0	0	0.05783742	0.01009462	0.00074024	0.00178965	0.00215581	0.18179601	0.00171895	0.53527033	0.00121326	0	0.1141841	0.00105986	0.00170854	0.00191053	0.00178187	0.55223871	0.12897711	0.38461761	0.00258377	
Pseudoflavonifractor	0	0	0	0	0.00043251	0	0	0	0	0	0	0	0	0	0	0	0	0	0	0	0	0	0	0	0	0	0	0	0	0	0	0	0	0	0	0	0	0	0	0	0	0	0	0	0	0	0	0.0003857	0	0	0.00072472	0	0	0	0	0	0	0.00098283	0	0	0	0	0	0	0	0	0	0	0	0.00125802	0	0	
Roseburia	0.03598856	0.0334432	0.05580595	0.00229498	0.00879166	0.00733381	0.02369938	0.00716867	0.00274027	0.00447632	0.00082979	0.00433015	0.05858698	0.03956574	0.00963213	0.00039075	0.00867055	0.00156733	0.00213287	0.00411412	0.00903618	0.01821257	0.02089655	0.06628366	0	0.00172671	0.0432413	0.02381741	0.00099958	0.02894515	0	0.00660716	0.00972652	0.09420111	0.05936381	0.00255359	0.03930317	0.02319009	0	0.0184652	0.04215653	0.00969833	0	0.0251561	0.00051175	0.00240137	0.02093846	0.03066466	0.06130774	0	0.01905807	0.00295034	0.0534905	0.00777478	0.05972503	0.06410097	0.00954055	0.00279189	0.00449104	0.00121777	0.00193756	0.13239719	0.00841474	0.02808406	0.003086	0.01516297	0.00105593	0.01642093	0.00315961	0.00293159	0.02323592	0.041949	
Ruminiclostridium	0	0	0.0078511	0	0.02473206	0	0	0.03260785	0	0	0	0	0	0	0.00101408	0	0	0.00079743	0	0	0.00058881	0.02910087	0	0	0	0	0	0.00434993	0	0.00237593	0	0	0	0.00038372	0	0	0	0.00047752	0	0.02265558	0.00120876	0	0	0	0.00031173	0	0.00096718	0.00133821	0.00054952	0	0.0030376	0	0	0.00125974	0	0	0	0.00168107	0	0.01593201	0	0	0	0	0	0	0	0.00257869	0.00174	0.00416359	0	0	
Ruminococcus	0.00120336	0.02744977	0.02701645	0.00427241	0.0170405	0.00141423	0.00056186	0.00699341	0	0.00318446	0	0.00131787	0.01902144	0.02441649	0.01176347	0.00061257	0.01487864	0.01936339	0.0011501	0.00139133	0.03593979	0.02211071	0.00077001	0.00585435	0.00040624	0.00230538	0.00118306	0.0307474	0.00239156	0.03369323	0.00082591	0.00399156	0.0037947	0.00630997	0.00099622	0.00103911	0.02207876	0.02388291	0.00554805	0.02378637	0.01087193	0.00300877	0.00149214	0.00821706	0.01107768	0.01826139	0.02980643	0.01882599	0.02004862	0	0.02410706	0.13972969	0.02124549	0.0142347	0.01730428	0.07271807	0.01491738	0.01615525	0.00182006	0.00523241	0.0028882	0.03974193	0.03057609	0.09333118	0.00337452	0.01327833	0.00057778	0.02090066	0.01378419	0.00346992	0	0.00060028	
Salmonella	0	0	0	0	0	0	0	0	0	0	0	0	0	0	0	0	0	0	0	0	0	0	0	0	0	0	0	0	0	0	0	0	0	0	0	0	0	0	0	0	0	0	0	0	0	0	0	0	0	0	0	0	0	0	0	0	0	0	0	0	0	0	0	0	0	0	0	0	0	0	0	0.00119613	
Selenomonas	0	0	0	0	0	0	0	0	0	0	0	0	0	0	0	0	0	0	0	0	0	0	0	0	0	0	0	0	0	0	0	0	0	0	0	0	0	0	0	0	0	0	0	0	0	0	0	0	0	0	0	0	0	0.00053578	0	0	0	0	0	0	0	0	0	0.00043692	0	0	0	0	0	0	0	0	
Streptococcus	0	0	0	0	0.00068622	0	0	0	0	0	0	0	0	0	0	0	0	0	0	0	0	0	0	0	0	0	0	0.00067595	0	0.00073017	0	0	0	0.00055338	0	0	0.02344933	0.00503361	0	0	0.00045051	0	0.00227009	0.01828912	0	0	0	0	0	0	0	0.14099052	0	0.00072388	0	0.01122824	0	0.00050671	0	0	0.00055709	0	0	0.00669197	0	0	0	0	0	0	0	0	
Subdoligranulum	0.00323122	0	0.00063531	0	0.00152535	0.0010245	0	0	0	0	0	0	0	0	0	0	0	0.01339907	0	0.00077815	0.00771149	0	0	0.0006577	0	0.00103262	0	0.00100406	0	0.00158928	0.00052576	0.00103427	0.00250161	0.00082483	0	0	0.00067986	0.00933923	0	0.00083446	0.00047385	0.00051443	0	0.00076123	0.00024774	0	0.01244322	0.00075703	0.00072729	0	0.03667209	0	0.00137319	0.00415698	0.00095807	0.00315377	0.00077298	0.00463564	0.00090109	0.00248665	0.00817353	0.00075917	0.00184547	0.00201055	0.01186237	0	0.00101945	0	0.00095941	0.00429772	0	0.01288469	
Succinatimonas	0	0	0	0	0	0	0	0	0	0	0	0	0	0	0	0	0	0	0.04615618	0	0	0	0	0	0	0	0	0	0	0	0	0	0	0	0	0	0	0	0	0	0	0	0	0	0	0	0	0	0	0	0	0	0	0	0	0	0	0	0	0	0	0	0	0	0	0	0	0	0	0	0.02324105	0	
Succinimonas	0	0	0	0	0	0	0	0	0	0	0	0	0	0	0	0	0	0	0	0	0	0	0	0	0	0	0	0	0	0	0	0	0	0	0	0	0	0	0	0	0	0	0	0	0	0	0	0	0	0	0	0	0	0	0	0	0	0	0	0	0	0	0	0	0	0	0	0	0	0	0.00137177	0	
Succinispira	0	0	0	0	0	0	0	0	0	0	0	0	0	0	0	0	0	0	0	0	0	0	0	0	0	0	0	0	0	0	0	0	0	0	0	0	0	0	0	0	0	0	0.00037132	0	0	0	0	0	0	0	0	0	0	0	0	0	0	0	0	0	0	0	0	0	0	0	0	0	0	0	0	0	
Sutterella	0.00159643	0.00061453	0	0	0	0	0	0	0	0	0	0	0	0	0	0	0	0.00438203	0	0	0	0	0	0.00513279	0	0	0	0	0.00317559	0	0	0	0	0.00775858	0	0	0.00176976	0.00041601	0.00559165	0	0.0013573	0	0.00248814	0	0	0	0.00605974	0.00708716	0	0.00739667	0	0	0	0	0	0	0	0	0.00670469	0.00029593	0	0	0	0.0015815	0	0.00181431	0.00049984	0	0	0.00202749	0.00067355	0	
Tannerella	0	0	0	0	0	0	0	0	0	0	0	0	0	0	0	0	0	0	0	0	0	0	0	0	0	0	0.000471	0	0	0	0	0	0	0	0	0	0	0	0	0	0	0	0	0	0	0	0.00031069	0	0	0	0	0	0	0	0	0	0	0	0	0	0	0	0	0	0	0	0	0	0	0	0	0	
Terrisporobacter	0	0	0	0	0	0	0	0	0	0	0	0	0	0	0	0	0	0	0	0	0	0	0	0	0	0	0	0	0	0	0	0	0	0	0	0	0.0046134	0	0	0	0	0	0	0.00055184	0	0	0	0	0	0	0	0	0	0	0	0	0	0	0	0	0	0	0	0	0	0	0	0	0	0	0	0	
Treponema	0	0	0.00048419	0	0.00048748	0	0	0	0	0	0	0	0	0	0	0	0	0	0	0	0	0	0	0	0	0	0	0.00097825	0	0.00073159	0	0	0	0	0	0	0	0	0	0	0.00086603	0	0	0	0	0	0	0	0	0	0	0	0	0.00072092	0	0	0	0	0	0	0	0	0	0	0	0	0	0	0	0	0	0	
Tyzzerella	0	0	0	0	0	0	0	0	0	0	0	0	0	0	0	0	0.00262158	0.00760222	0	0.00061235	0	0	0	0.00096693	0	0	0	0.00068375	0.00113122	0	0	0.00103244	0	0.001145	0.0005962	0.00071338	0.00112079	0	0	0.00090892	0	0	0	0.00033526	0	0.00153893	0	0	0	0	0.00078991	0.02039525	0.00407776	0.0004437	0	0.00086359	0.00149005	0	0	0	0	0.00956135	0	0.00075645	0	0	0	0	0	0	0	0	
Veillonella	0	0	0	0	0	0	0	0	0	0	0	0	0	0	0	0	0	0.00022862	0	0	0.00313166	0	0	0	0	0	0	0	0	0	0	0	0	0	0	0	0	0	0	0	0	0	0	0.00086895	0	0	0	0	0	0	0	0.0264768	0	0	0	0.01465555	0	0	0	0	0	0	0	0	0	0	0	0	0	0	0	0	
