ID	H.SRR1927149	H.SRR1929408	H.SRR1929484	H.SRR1929485	H.SRR1929563	H.SRR1929574	H.SRR1930121	H.SRR1930122	H.SRR1930123	H.SRR1930128	H.SRR1930132	H.SRR1930133	H.SRR1930134	H.SRR1930136	H.SRR1930138	H.SRR1930140	H.SRR1930141	H.SRR1930142	H.SRR1930143	H.SRR1930144	H.SRR1930145	H.SRR1930149	H.SRR1930176	H.SRR1930177	H.SRR1930179	H.SRR1930187	H.SRR1930244	
Acidaminococcus	0.00000000	0.00059881	0.00000000	0.00000000	0.00000000	0.00000000	0.00062456	0.00000000	0.00054329	0.00000000	0.00000000	0.00000000	0.00000000	0.00000000	0.00000000	0.00000000	0.00028382	0.00000000	0.00000000	0.00000000	0.00000000	0.00000000	0.00000000	0.00000000	0.00000000	0.00000000	0.00000000	
Alistipes	0.00541894	0.01000294	0.00993471	0.00778253	0.01300637	0.00982852	0.01062713	0.00600376	0.00658671	0.00552594	0.00000000	0.01235292	0.00894461	0.00515802	0.02212041	0.00160402	0.00867475	0.01678815	0.01870757	0.02219154	0.01255611	0.02172650	0.00814149	0.00000000	0.00386132	0.00000000	0.00632678	
Alloprevotella	0.00285979	0.00743831	0.00390691	0.00156490	0.00887424	0.00192979	0.00990827	0.00305873	0.01420307	0.00583494	0.03103468	0.00473303	0.00085799	0.00737416	0.01004122	0.01736557	0.00645200	0.00977224	0.00926647	0.00529399	0.00773765	0.00000000	0.00000000	0.03495950	0.00000000	0.01053586	0.00778470	
Anaerostipes	0.00000000	0.00024765	0.00000000	0.00000000	0.00036306	0.00000000	0.00035692	0.00000000	0.00000000	0.00000000	0.00000000	0.00000000	0.00000000	0.00000000	0.00000000	0.00000000	0.00000000	0.00000000	0.00000000	0.00000000	0.00000000	0.00000000	0.00000000	0.00000000	0.00000000	0.00000000	0.00000000	
Anaerotruncus	0.00039678	0.00121843	0.00000000	0.00000000	0.00083359	0.00053086	0.00180863	0.00101537	0.00173857	0.00083615	0.00000000	0.00136932	0.00000000	0.00074621	0.00000000	0.00000000	0.00149822	0.00111066	0.00000000	0.00000000	0.00051133	0.00000000	0.00000000	0.00000000	0.00000000	0.00000000	0.00070257	
Atopobium	0.00000000	0.00000000	0.00000000	0.00000000	0.00000000	0.00000000	0.00054246	0.00000000	0.00032748	0.00000000	0.00000000	0.00000000	0.00000000	0.00000000	0.00000000	0.00000000	0.00000000	0.00000000	0.00000000	0.00000000	0.00000000	0.00000000	0.00000000	0.00000000	0.00000000	0.00000000	0.00000000	
Bacillus	0.00050360	0.00090087	0.00161542	0.00000000	0.00102302	0.00045930	0.00098379	0.00207730	0.00048961	0.00107099	0.00000000	0.00000000	0.00000000	0.00000000	0.00000000	0.00000000	0.00067762	0.00000000	0.00000000	0.00000000	0.00122739	0.00000000	0.00000000	0.00000000	0.00000000	0.00000000	0.00060587	
Bacteroides	0.02975088	0.03462004	0.04011678	0.04266211	0.05954004	0.04414488	0.03987544	0.04398266	0.04796425	0.05928841	0.07752824	0.04234487	0.02936360	0.04447226	0.06361663	0.07248535	0.04798127	0.05349691	0.06630896	0.05225787	0.04324875	0.05411936	0.04991565	0.06723108	0.06656508	0.02766589	0.03352853	
Barnesiella	0.00048029	0.00103184	0.00000000	0.00000000	0.00436725	0.00240042	0.00215029	0.00138230	0.00147295	0.00249145	0.00000000	0.00080421	0.00122417	0.00081174	0.00334771	0.00000000	0.00154974	0.00294419	0.00307995	0.00127701	0.00125427	0.00233087	0.00515208	0.00000000	0.00000000	0.00000000	0.00066313	
Bifidobacterium	0.00000000	0.00000000	0.00000000	0.00000000	0.00042635	0.00000000	0.00064359	0.00000000	0.00030435	0.00000000	0.00000000	0.00000000	0.00000000	0.00000000	0.00000000	0.00000000	0.00000000	0.00000000	0.00000000	0.00000000	0.00000000	0.00000000	0.00000000	0.00000000	0.00000000	0.00000000	0.00000000	
Blastocystis	0.00000000	0.00000000	0.00000000	0.00000000	0.00000000	0.00000000	0.00000000	0.00000000	0.00050865	0.00000000	0.00000000	0.00000000	0.00000000	0.00000000	0.00000000	0.00000000	0.00000000	0.00000000	0.00000000	0.00000000	0.00000000	0.00000000	0.00000000	0.00000000	0.00000000	0.00000000	0.00000000	
Blautia	0.00073109	0.00103458	0.00092284	0.00000000	0.00119094	0.00100117	0.00206614	0.00492039	0.00412842	0.00619633	0.00000000	0.00145329	0.00134381	0.00176183	0.00000000	0.00000000	0.00138507	0.00131080	0.00110094	0.00000000	0.00129371	0.00000000	0.00000000	0.00000000	0.00000000	0.00000000	0.00203746	
Brachyspira	0.00054212	0.00339768	0.00794996	0.00123064	0.00000000	0.00056250	0.00000000	0.00000000	0.00018814	0.01053139	0.00770728	0.00000000	0.00209822	0.00000000	0.00000000	0.00000000	0.00537318	0.00000000	0.00000000	0.00000000	0.00645878	0.00000000	0.00000000	0.00000000	0.00000000	0.00000000	0.00871431	
Butyricicoccus	0.00000000	0.00486729	0.00483447	0.00136753	0.00138749	0.00000000	0.00541129	0.00325528	0.00805903	0.00098491	0.00000000	0.00000000	0.00000000	0.00903362	0.00189674	0.00000000	0.00251784	0.00635509	0.00412679	0.00000000	0.00000000	0.00000000	0.00000000	0.00000000	0.00000000	0.00000000	0.00000000	
Butyricimonas	0.00063410	0.00077883	0.00000000	0.00000000	0.00114345	0.00082346	0.00092709	0.00086650	0.00119242	0.00109608	0.00293670	0.00135735	0.00000000	0.00172329	0.00000000	0.00349211	0.00141093	0.00136701	0.00163084	0.00000000	0.00151352	0.00000000	0.00000000	0.00309073	0.00000000	0.00000000	0.00000000	
Butyrivibrio	0.00151302	0.00065986	0.00000000	0.00000000	0.00042739	0.00201367	0.00083558	0.00147738	0.00322019	0.00000000	0.00000000	0.00108961	0.00261295	0.00000000	0.00000000	0.00107147	0.00099222	0.00000000	0.00000000	0.00187756	0.05265804	0.01497187	0.00000000	0.00130232	0.00000000	0.00000000	0.00222953	
Campylobacter	0.00061874	0.00438230	0.00124191	0.00000000	0.00000000	0.00025102	0.00000000	0.00417515	0.00219323	0.00000000	0.00000000	0.00000000	0.00051217	0.00036142	0.00000000	0.00129713	0.01420273	0.00000000	0.00000000	0.00000000	0.00644242	0.00358503	0.00178955	0.00000000	0.07465796	0.00000000	0.00139951	
Candidatus_Methanomethylophilus	0.00000000	0.00043911	0.00000000	0.00000000	0.00000000	0.00000000	0.00000000	0.00000000	0.00173230	0.00000000	0.00000000	0.00000000	0.00000000	0.00000000	0.00000000	0.00000000	0.00030688	0.00000000	0.00000000	0.00000000	0.00000000	0.00000000	0.00000000	0.00000000	0.00000000	0.00000000	0.00000000	
Capnocytophaga	0.00000000	0.00000000	0.00000000	0.00000000	0.00000000	0.00000000	0.00000000	0.00000000	0.00000000	0.00000000	0.00000000	0.00000000	0.00000000	0.00000000	0.00000000	0.00000000	0.00037718	0.00000000	0.00000000	0.00000000	0.00000000	0.00000000	0.00000000	0.00000000	0.00000000	0.00000000	0.00000000	
Catenibacterium	0.00000000	0.00000000	0.00000000	0.00000000	0.00000000	0.00000000	0.00000000	0.00130722	0.00541540	0.00155262	0.00000000	0.00000000	0.00000000	0.00000000	0.00000000	0.00000000	0.00059888	0.00000000	0.00000000	0.00000000	0.00380125	0.00000000	0.00000000	0.00170986	0.00422031	0.00000000	0.00000000	
Cellulosilyticum	0.00000000	0.00020735	0.00000000	0.00000000	0.00000000	0.00000000	0.00000000	0.00000000	0.00000000	0.00000000	0.00000000	0.00000000	0.00000000	0.00000000	0.00000000	0.00000000	0.00000000	0.00000000	0.00000000	0.00000000	0.00000000	0.00000000	0.00000000	0.00000000	0.00000000	0.00000000	0.00000000	
Clostridium	0.02069328	0.01554855	0.01736271	0.00959774	0.01117867	0.02091391	0.02171382	0.01505448	0.01504364	0.01285562	0.00320926	0.01847592	0.04019352	0.01334016	0.00979383	0.00538720	0.01081241	0.01716442	0.01211802	0.06106066	0.02165827	0.03810359	0.01003590	0.00783308	0.00498978	0.00632602	0.01943573	
Collinsella	0.00000000	0.00039046	0.00000000	0.00000000	0.00368282	0.00000000	0.00880328	0.00166958	0.00209214	0.00204164	0.00000000	0.00412262	0.00000000	0.00000000	0.00000000	0.00000000	0.00059661	0.01028347	0.00062106	0.00000000	0.00000000	0.00000000	0.00000000	0.00000000	0.00000000	0.00000000	0.00000000	
Coprobacillus	0.00000000	0.00000000	0.00000000	0.00000000	0.00000000	0.00000000	0.00033199	0.00000000	0.00025047	0.00000000	0.00000000	0.00000000	0.00000000	0.00000000	0.00000000	0.00000000	0.00027203	0.00000000	0.00000000	0.00000000	0.00000000	0.00000000	0.00000000	0.00000000	0.00000000	0.00000000	0.00000000	
Coprococcus	0.00080523	0.01088822	0.00079653	0.00000000	0.00155206	0.00116467	0.00424790	0.00081264	0.00181963	0.00091766	0.00000000	0.00000000	0.00126945	0.00068721	0.00000000	0.00000000	0.00095733	0.00000000	0.00000000	0.00000000	0.01887408	0.00000000	0.00000000	0.00000000	0.00000000	0.00000000	0.00106473	
Dehalobacter	0.00000000	0.00000000	0.00000000	0.00000000	0.00000000	0.00000000	0.00023702	0.00000000	0.00000000	0.00000000	0.00000000	0.00000000	0.00000000	0.00000000	0.00000000	0.00000000	0.00000000	0.00000000	0.00000000	0.00000000	0.00000000	0.00000000	0.00000000	0.00000000	0.00000000	0.00000000	0.00000000	
Desulfitobacterium	0.00000000	0.00052159	0.00000000	0.00000000	0.00000000	0.00000000	0.00038017	0.00000000	0.00000000	0.00000000	0.00000000	0.00000000	0.00000000	0.00000000	0.00000000	0.00000000	0.00028531	0.00000000	0.00000000	0.00000000	0.00000000	0.00000000	0.00000000	0.00000000	0.00000000	0.00000000	0.00000000	
Desulfosporosinus	0.00000000	0.00036659	0.00000000	0.00000000	0.00000000	0.00000000	0.00022589	0.00000000	0.00029777	0.00000000	0.00000000	0.00000000	0.00000000	0.00000000	0.00000000	0.00000000	0.00000000	0.00000000	0.00000000	0.00000000	0.00000000	0.00000000	0.00000000	0.00000000	0.00000000	0.00000000	0.00000000	
Desulfovibrio	0.00000000	0.00027408	0.00000000	0.00000000	0.00000000	0.00000000	0.00000000	0.00000000	0.00000000	0.00000000	0.00000000	0.00000000	0.00000000	0.00000000	0.00000000	0.00000000	0.00000000	0.00000000	0.00000000	0.00000000	0.00000000	0.00000000	0.00000000	0.00000000	0.00000000	0.00000000	0.00000000	
Dialister	0.00000000	0.02302612	0.03709562	0.04943343	0.00000000	0.00000000	0.00043693	0.00085164	0.01400131	0.00438897	0.00842561	0.00000000	0.00095262	0.00000000	0.00000000	0.00000000	0.00036923	0.00000000	0.00000000	0.00000000	0.00513036	0.00000000	0.00000000	0.00000000	0.01069799	0.00000000	0.00000000	
Dorea	0.00044763	0.00051112	0.00000000	0.00000000	0.00042998	0.00053386	0.00093437	0.00112210	0.00319531	0.00174972	0.00000000	0.00068374	0.00000000	0.00000000	0.00000000	0.00000000	0.00200968	0.00000000	0.00000000	0.00000000	0.00052090	0.00000000	0.00000000	0.00000000	0.00000000	0.00000000	0.00174769	
Eggerthella	0.00000000	0.00000000	0.00000000	0.00000000	0.00000000	0.00000000	0.00054610	0.00000000	0.00054953	0.00000000	0.00000000	0.00000000	0.00000000	0.00000000	0.00000000	0.00000000	0.00000000	0.00000000	0.00000000	0.00000000	0.00000000	0.00000000	0.00000000	0.00000000	0.00000000	0.00000000	0.00000000	
Elusimicrobium	0.01274821	0.01720227	0.02244942	0.02351351	0.00000000	0.00000000	0.00000000	0.00612827	0.00254164	0.00000000	0.00000000	0.00000000	0.00743709	0.00000000	0.00000000	0.00000000	0.00000000	0.00000000	0.00000000	0.00000000	0.00000000	0.00000000	0.00000000	0.00000000	0.00000000	0.00000000	0.00000000	
Enterococcus	0.00000000	0.00045074	0.00000000	0.00000000	0.00000000	0.00000000	0.00028504	0.00000000	0.00034761	0.00000000	0.00000000	0.00000000	0.00000000	0.00000000	0.00000000	0.00000000	0.00028623	0.00000000	0.00000000	0.00000000	0.00000000	0.00000000	0.00000000	0.00000000	0.00000000	0.00000000	0.00000000	
Escherichia	0.00000000	0.00957232	0.02239184	0.02303755	0.00000000	0.00000000	0.00000000	0.00775454	0.00000000	0.00000000	0.00249977	0.00447881	0.00000000	0.00000000	0.00000000	0.00000000	0.00000000	0.00000000	0.00063943	0.00000000	0.00000000	0.00000000	0.00257030	0.00000000	0.00618726	0.00000000	0.00000000	
Ethanoligenens	0.00000000	0.00032623	0.00000000	0.00000000	0.00000000	0.00000000	0.00044312	0.00000000	0.00000000	0.00000000	0.00000000	0.00000000	0.00000000	0.00000000	0.00000000	0.00000000	0.00028255	0.00000000	0.00000000	0.00000000	0.00000000	0.00000000	0.00000000	0.00000000	0.00000000	0.00000000	0.00000000	
Eubacterium	0.00255987	0.00728257	0.01278878	0.02890009	0.00307783	0.01510615	0.00465757	0.00580455	0.00918369	0.00488253	0.14324611	0.05244595	0.00475413	0.00200307	0.00212454	0.04452659	0.00902065	0.00242647	0.00203404	0.00144816	0.01121989	0.00169586	0.00094803	0.04690386	0.00493916	0.00237106	0.06718958	
Faecalibacterium	0.00181032	0.00446945	0.00408146	0.00260090	0.01191100	0.00235065	0.01076113	0.01358492	0.00654768	0.01064128	0.00000000	0.02022685	0.00164383	0.00478947	0.00546685	0.00538014	0.01154878	0.01326843	0.00443430	0.00168800	0.00481989	0.00117176	0.00000000	0.00117834	0.00000000	0.00000000	0.00169610	
Fibrobacter	0.00000000	0.00024441	0.00000000	0.00000000	0.00000000	0.00000000	0.00000000	0.00000000	0.00000000	0.00000000	0.00000000	0.00000000	0.00000000	0.00000000	0.00000000	0.00000000	0.00000000	0.00000000	0.00000000	0.00000000	0.00000000	0.00000000	0.00000000	0.00000000	0.00000000	0.00000000	0.00000000	
Flavonifractor	0.00034968	0.00091767	0.00238470	0.00282414	0.00038601	0.00000000	0.00087188	0.00000000	0.00059560	0.00000000	0.00000000	0.00000000	0.00000000	0.00000000	0.00000000	0.00000000	0.00090011	0.00000000	0.00000000	0.00000000	0.00000000	0.00000000	0.00000000	0.00000000	0.00000000	0.00000000	0.00000000	
Fusobacterium	0.00000000	0.00000000	0.00000000	0.00000000	0.00000000	0.00000000	0.00027915	0.00000000	0.00000000	0.00000000	0.00000000	0.00000000	0.00000000	0.00000000	0.00000000	0.00000000	0.00000000	0.00000000	0.00000000	0.00000000	0.00000000	0.00000000	0.00000000	0.00000000	0.00000000	0.00000000	0.00000000	
Gordonibacter	0.00000000	0.00000000	0.00000000	0.00000000	0.00000000	0.00000000	0.00020284	0.00000000	0.00000000	0.00000000	0.00000000	0.00000000	0.00000000	0.00000000	0.00000000	0.00000000	0.00000000	0.00000000	0.00000000	0.00000000	0.00000000	0.00000000	0.00000000	0.00000000	0.00000000	0.00000000	0.00000000	
Haemophilus	0.00000000	0.00000000	0.00000000	0.00000000	0.00000000	0.00000000	0.00000000	0.00000000	0.00000000	0.00000000	0.00000000	0.00000000	0.00000000	0.00000000	0.00000000	0.00000000	0.00010984	0.00000000	0.00000000	0.00000000	0.00000000	0.00000000	0.00000000	0.00000000	0.00000000	0.00000000	0.00000000	
Haliangium	0.00000000	0.00000000	0.00000000	0.00000000	0.00052658	0.00000000	0.00086616	0.00000000	0.00000000	0.00000000	0.00000000	0.00000000	0.00000000	0.00000000	0.00000000	0.00000000	0.00000000	0.00000000	0.00000000	0.00000000	0.00031863	0.00125150	0.00000000	0.00000000	0.00000000	0.00000000	0.00000000	
Helicobacter	0.00000000	0.00060361	0.00000000	0.00000000	0.00000000	0.00000000	0.00000000	0.00039051	0.00024979	0.00000000	0.00000000	0.00000000	0.00000000	0.00000000	0.00000000	0.00000000	0.00140241	0.00000000	0.00000000	0.00000000	0.00093586	0.00000000	0.00000000	0.00000000	0.00718900	0.00000000	0.00000000	
Holdemanella	0.00000000	0.00020091	0.00000000	0.00000000	0.00388287	0.00000000	0.00236933	0.00905023	0.00060691	0.00514501	0.00000000	0.00000000	0.00000000	0.00034154	0.00000000	0.00000000	0.00000000	0.00000000	0.00000000	0.00000000	0.00000000	0.00000000	0.00000000	0.00261967	0.00000000	0.00000000	0.00000000	
Holdemania	0.00000000	0.00000000	0.00000000	0.00000000	0.00000000	0.00000000	0.00024970	0.00000000	0.00032223	0.00000000	0.00000000	0.00000000	0.00000000	0.00000000	0.00000000	0.00000000	0.00022707	0.00000000	0.00000000	0.00000000	0.00000000	0.00000000	0.00000000	0.00000000	0.00000000	0.00000000	0.00000000	
Klebsiella	0.00000000	0.00137135	0.00000000	0.00000000	0.00000000	0.00000000	0.00000000	0.00000000	0.00000000	0.00000000	0.00000000	0.00000000	0.00000000	0.00000000	0.00000000	0.00000000	0.00000000	0.00000000	0.00000000	0.00000000	0.00000000	0.00000000	0.00000000	0.00000000	0.00000000	0.00000000	0.00000000	
Lachnoclostridium	0.00132105	0.00213000	0.00000000	0.00000000	0.00039113	0.00104261	0.00337283	0.00130438	0.00365194	0.00062539	0.00000000	0.00000000	0.00111364	0.00000000	0.00000000	0.00110157	0.00337158	0.00000000	0.00000000	0.00000000	0.00038006	0.00000000	0.00000000	0.00000000	0.00000000	0.00000000	0.00081174	
Lactobacillus	0.00000000	0.00028205	0.00000000	0.00000000	0.00000000	0.00000000	0.00036777	0.00091834	0.00032386	0.00000000	0.00000000	0.00000000	0.00000000	0.00000000	0.00000000	0.00000000	0.00022826	0.00000000	0.00000000	0.00000000	0.00000000	0.00000000	0.00000000	0.00000000	0.00000000	0.00000000	0.00000000	
Lentisphaera	0.00041177	0.00114904	0.00000000	0.00000000	0.00000000	0.00088376	0.00134304	0.00000000	0.00000000	0.00191593	0.00000000	0.00000000	0.00119743	0.00225380	0.00000000	0.00000000	0.00042213	0.00000000	0.00000000	0.00158221	0.00032056	0.00000000	0.00000000	0.00000000	0.00000000	0.00000000	0.00097995	
Mahella	0.00000000	0.00022410	0.00000000	0.00000000	0.00000000	0.00000000	0.00029336	0.00000000	0.00000000	0.00000000	0.00000000	0.00000000	0.00000000	0.00000000	0.00000000	0.00000000	0.00000000	0.00000000	0.00000000	0.00000000	0.00000000	0.00000000	0.00000000	0.00000000	0.00000000	0.00000000	0.00000000	
Marvinbryantia	0.00039083	0.00031943	0.00000000	0.00000000	0.00000000	0.00000000	0.00056629	0.00050430	0.00067386	0.00000000	0.00000000	0.00000000	0.00000000	0.00000000	0.00000000	0.00000000	0.00044845	0.00000000	0.00000000	0.00000000	0.00000000	0.00000000	0.00000000	0.00000000	0.00000000	0.00000000	0.00000000	
Megasphaera	0.00000000	0.00000000	0.00000000	0.00000000	0.00000000	0.00000000	0.00000000	0.00000000	0.00000000	0.00151411	0.00000000	0.00000000	0.00000000	0.00000000	0.00000000	0.00000000	0.00000000	0.00000000	0.00000000	0.00000000	0.00000000	0.00000000	0.00000000	0.00000000	0.00000000	0.00000000	0.00000000	
Methanobrevibacter	0.00000000	0.00000000	0.00000000	0.00000000	0.00000000	0.00000000	0.00000000	0.00000000	0.00030882	0.00000000	0.00000000	0.00000000	0.00000000	0.00000000	0.00000000	0.00000000	0.00000000	0.00000000	0.00000000	0.00000000	0.00000000	0.00000000	0.00000000	0.00000000	0.00000000	0.00000000	0.00000000	
Methanomassiliicoccus	0.00000000	0.00027381	0.00000000	0.00000000	0.00000000	0.00000000	0.00000000	0.00000000	0.00105358	0.00000000	0.00000000	0.00000000	0.00000000	0.00000000	0.00000000	0.00000000	0.00017123	0.00000000	0.00000000	0.00000000	0.00000000	0.00000000	0.00000000	0.00000000	0.00000000	0.00000000	0.00000000	
Mitsuokella	0.00000000	0.00484457	0.00077540	0.00000000	0.00000000	0.00000000	0.00000000	0.00000000	0.00000000	0.00000000	0.00000000	0.00000000	0.00000000	0.00000000	0.00000000	0.00000000	0.00000000	0.00000000	0.00000000	0.00000000	0.00000000	0.00000000	0.00000000	0.00000000	0.00000000	0.00000000	0.00000000	
Mogibacterium	0.00000000	0.00000000	0.00000000	0.00000000	0.00000000	0.00038051	0.00069839	0.00000000	0.00129303	0.00000000	0.00000000	0.00095460	0.00000000	0.00000000	0.00000000	0.00000000	0.00044249	0.00000000	0.00000000	0.00000000	0.00000000	0.00000000	0.00000000	0.00000000	0.00000000	0.00000000	0.00000000	
Odoribacter	0.00140003	0.00114393	0.00132300	0.00000000	0.00218764	0.00177964	0.00131080	0.00104830	0.00086769	0.00138563	0.00000000	0.00158098	0.00117578	0.00247458	0.00244736	0.00000000	0.00089196	0.00177437	0.00205121	0.00246950	0.00131563	0.00190874	0.00000000	0.00178598	0.00000000	0.00000000	0.00079730	
Olsenella	0.00000000	0.00000000	0.00000000	0.00000000	0.00000000	0.00000000	0.00043385	0.00000000	0.00022748	0.00000000	0.00000000	0.00000000	0.00000000	0.00000000	0.00000000	0.00000000	0.00000000	0.00000000	0.00000000	0.00000000	0.00000000	0.00000000	0.00000000	0.00000000	0.00000000	0.00000000	0.00000000	
Oribacterium	0.00000000	0.00037159	0.00000000	0.00000000	0.00000000	0.00043969	0.00064752	0.00000000	0.00370832	0.00000000	0.00000000	0.00000000	0.00000000	0.00000000	0.00000000	0.00000000	0.00062558	0.00000000	0.00000000	0.00000000	0.00000000	0.00000000	0.00000000	0.00000000	0.00000000	0.00000000	0.00124874	
Oscillibacter	0.00160344	0.00315521	0.00235527	0.00000000	0.00278131	0.00221855	0.00505787	0.00324906	0.00490654	0.00355520	0.00000000	0.00816914	0.00284975	0.00391497	0.00304497	0.00000000	0.00331168	0.00743048	0.00151536	0.00221634	0.00137543	0.00230928	0.00000000	0.00000000	0.00000000	0.00000000	0.00164821	
Paenibacillus	0.00074386	0.00116267	0.00085210	0.00000000	0.00056747	0.00096405	0.00099500	0.00120257	0.00079082	0.00092576	0.00000000	0.00000000	0.00168905	0.00087156	0.00000000	0.00000000	0.00083386	0.00000000	0.00000000	0.00000000	0.00077199	0.00000000	0.00000000	0.00000000	0.00000000	0.00000000	0.00089774	
Paludibacter	0.00000000	0.00069889	0.00000000	0.00000000	0.00000000	0.00156571	0.00026998	0.00000000	0.00151584	0.00000000	0.00000000	0.00000000	0.00000000	0.00181041	0.00000000	0.00000000	0.00025527	0.00000000	0.00000000	0.00219305	0.00117187	0.00000000	0.00000000	0.00000000	0.00000000	0.00000000	0.00000000	
Parabacteroides	0.00172093	0.00180089	0.00161974	0.00000000	0.00208618	0.00323705	0.00161423	0.00174242	0.00258501	0.00285159	0.00000000	0.00169898	0.00135782	0.00313048	0.00308183	0.00191787	0.00266615	0.00264350	0.00254629	0.00291931	0.00170412	0.01243727	0.00509687	0.00000000	0.00000000	0.00000000	0.00414777	
Paraprevotella	0.00181756	0.00168289	0.00123027	0.00000000	0.00177490	0.00132604	0.00248998	0.00235730	0.00310183	0.00196774	0.00352351	0.00000000	0.00116368	0.00125528	0.00122724	0.00394870	0.00201839	0.00095225	0.00109176	0.00182955	0.00272414	0.00000000	0.00000000	0.00318546	0.00000000	0.00000000	0.00000000	
Phascolarctobacterium	0.00575495	0.00295952	0.00173906	0.00000000	0.01430615	0.00693551	0.01000522	0.01086333	0.00370288	0.01250418	0.00000000	0.01240489	0.00905585	0.00755763	0.01244132	0.00633245	0.01916624	0.00880715	0.00960754	0.00394286	0.00549480	0.01675197	0.00311337	0.00681442	0.00000000	0.00454028	0.02287339	
Porphyromonas	0.00000000	0.00069499	0.00105333	0.00000000	0.00174581	0.00129508	0.00100493	0.00103324	0.00108971	0.00242730	0.00000000	0.00000000	0.00000000	0.00154070	0.00230734	0.00158369	0.00077187	0.00131490	0.00199102	0.00160138	0.00109758	0.00000000	0.00000000	0.00000000	0.00000000	0.00000000	0.00074924	
Prevotella	0.11314138	0.08056929	0.06754180	0.09000794	0.17130556	0.14061551	0.14584834	0.15424614	0.13691455	0.15510862	0.29545637	0.16777987	0.08483928	0.22433678	0.14505224	0.38524113	0.19088387	0.12725197	0.13658276	0.06332511	0.15901797	0.05605511	0.10789384	0.33403677	0.23650077	0.10473836	0.06853179	
Pseudoflavonifractor	0.00064646	0.00095697	0.00080546	0.00000000	0.00055803	0.00096461	0.00149334	0.00097457	0.00104480	0.00056428	0.00000000	0.00186954	0.00000000	0.00114270	0.00000000	0.00000000	0.00116435	0.00134405	0.00000000	0.00000000	0.00063273	0.00000000	0.00000000	0.00000000	0.00000000	0.00000000	0.00000000	
Pseudoramibacter	0.00000000	0.00000000	0.00000000	0.00000000	0.00000000	0.00000000	0.00032353	0.00000000	0.00000000	0.00000000	0.00000000	0.00000000	0.00000000	0.00000000	0.00000000	0.00000000	0.00000000	0.00000000	0.00000000	0.00000000	0.00000000	0.00000000	0.00000000	0.00000000	0.00000000	0.00000000	0.00000000	
Roseburia	0.00236779	0.01215657	0.00107679	0.00130559	0.00091395	0.00714250	0.00161385	0.00130867	0.00767448	0.00210666	0.00000000	0.00159623	0.00502643	0.00092577	0.00000000	0.00655221	0.00574795	0.00084990	0.00092754	0.00236956	0.00223094	0.00000000	0.00000000	0.00177128	0.00337931	0.00000000	0.01637027	
Ruminiclostridium	0.02625751	0.00440465	0.00061077	0.00000000	0.00085993	0.00270579	0.00254747	0.00298436	0.00222904	0.00137661	0.00000000	0.00370110	0.03672241	0.00124283	0.00000000	0.00000000	0.00136285	0.00000000	0.00104529	0.00119962	0.00174794	0.00137309	0.01419616	0.00000000	0.00000000	0.00000000	0.00084821	
Ruminococcus	0.00928995	0.01067738	0.00286566	0.00208246	0.01256239	0.04478499	0.01536054	0.03226676	0.01198183	0.01071588	0.00000000	0.01488169	0.01780215	0.00202940	0.00178172	0.00149739	0.00570997	0.00194109	0.00447156	0.03421698	0.01237504	0.00616727	0.00292681	0.01279364	0.00000000	0.00350040	0.00871106	
Selenomonas	0.00232762	0.00184535	0.00255039	0.00362261	0.00068945	0.00127573	0.00081914	0.00067756	0.00091876	0.00060257	0.00000000	0.00000000	0.00144994	0.00000000	0.00000000	0.00379197	0.00211088	0.00000000	0.00000000	0.00000000	0.00030859	0.00000000	0.00000000	0.00000000	0.00000000	0.00000000	0.00000000	
Slackia	0.00000000	0.00000000	0.00000000	0.00000000	0.00000000	0.00000000	0.00064695	0.00000000	0.00034048	0.00000000	0.00000000	0.00000000	0.00000000	0.00000000	0.00000000	0.00000000	0.00026092	0.00000000	0.00000000	0.00000000	0.00000000	0.00000000	0.00000000	0.00000000	0.00000000	0.00000000	0.00000000	
Solobacterium	0.00000000	0.00000000	0.00000000	0.00000000	0.00000000	0.00000000	0.00021251	0.00000000	0.00062743	0.00000000	0.00000000	0.00000000	0.00000000	0.00000000	0.00000000	0.00000000	0.00000000	0.00000000	0.00000000	0.00000000	0.00000000	0.00000000	0.00000000	0.00000000	0.00000000	0.00000000	0.00000000	
Sorangium	0.00000000	0.00000000	0.00000000	0.00000000	0.00045638	0.00000000	0.00065366	0.00000000	0.00000000	0.00000000	0.00000000	0.00000000	0.00000000	0.00000000	0.00000000	0.00000000	0.00000000	0.00000000	0.00000000	0.00000000	0.00028239	0.00105616	0.00000000	0.00000000	0.00000000	0.00000000	0.00000000	
Sphaerochaeta	0.01094780	0.00099788	0.00000000	0.00000000	0.00000000	0.00403011	0.00037974	0.00065295	0.00764248	0.00000000	0.00000000	0.00000000	0.01785249	0.00000000	0.00000000	0.00000000	0.00476204	0.00000000	0.00000000	0.02874953	0.00063711	0.00000000	0.00000000	0.00000000	0.00000000	0.00000000	0.00000000	
Streptococcus	0.00045340	0.00033400	0.00000000	0.00000000	0.00000000	0.00000000	0.00043312	0.00063739	0.00037911	0.00000000	0.00000000	0.00000000	0.00000000	0.00000000	0.00000000	0.00000000	0.00040886	0.00000000	0.00000000	0.00000000	0.00000000	0.00000000	0.00000000	0.00000000	0.00000000	0.00000000	0.00000000	
Subdoligranulum	0.00075153	0.00118073	0.00071476	0.00000000	0.00150292	0.00075084	0.00752167	0.00135299	0.00587497	0.00136532	0.00000000	0.00174983	0.00091297	0.00083897	0.00000000	0.00085556	0.00117458	0.00146382	0.00109807	0.00000000	0.00060039	0.00000000	0.00000000	0.00000000	0.00000000	0.00000000	0.00000000	
Succinatimonas	0.04081057	0.00311171	0.00000000	0.00000000	0.01058968	0.00354931	0.00635322	0.01506439	0.00000000	0.02338508	0.00000000	0.00000000	0.01709679	0.00000000	0.00000000	0.00000000	0.00000000	0.00000000	0.00000000	0.00000000	0.00000000	0.00000000	0.00000000	0.00000000	0.00000000	0.04344242	0.00141300	
Succinimonas	0.01885646	0.00154712	0.00000000	0.00000000	0.00000000	0.00000000	0.00025160	0.00000000	0.00025463	0.00000000	0.00000000	0.00000000	0.00000000	0.00000000	0.00000000	0.00138216	0.00185912	0.00000000	0.00000000	0.00000000	0.00000000	0.00000000	0.00000000	0.00000000	0.00000000	0.01645755	0.00000000	
Sutterella	0.00000000	0.00020081	0.00000000	0.00000000	0.00000000	0.00000000	0.00023395	0.00000000	0.00066908	0.00000000	0.00000000	0.00000000	0.00000000	0.00000000	0.00000000	0.00000000	0.00236097	0.00000000	0.00000000	0.00000000	0.00000000	0.00000000	0.00000000	0.00000000	0.00000000	0.00000000	0.00000000	
T4likevirus	0.00000000	0.00046036	0.00125619	0.00000000	0.00000000	0.00000000	0.00091206	0.00000000	0.00000000	0.00000000	0.00000000	0.01085826	0.00000000	0.00000000	0.00000000	0.00000000	0.00000000	0.00000000	0.00000000	0.00000000	0.00000000	0.00000000	0.00000000	0.00000000	0.00000000	0.00000000	0.00000000	
Tannerella	0.00049888	0.00080999	0.00000000	0.00000000	0.00158432	0.00102460	0.00096525	0.00077788	0.00088030	0.00111257	0.00000000	0.00000000	0.00000000	0.00077264	0.00223050	0.00000000	0.00068940	0.00188677	0.00193490	0.00175617	0.00084392	0.00000000	0.00000000	0.00000000	0.00000000	0.00000000	0.00074493	
Treponema	0.04858521	0.02178874	0.03300749	0.04985043	0.03448930	0.00325661	0.01876475	0.03155706	0.01584284	0.00000000	0.00000000	0.00148958	0.02563276	0.00134703	0.00000000	0.00000000	0.01292525	0.00079280	0.00000000	0.00406946	0.02651213	0.00000000	0.20603647	0.00000000	0.13378703	0.27951235	0.13803262	
