ID	P.SRR1761664	P.SRR1761665	P.SRR1761666	P.SRR1761667	P.SRR1761668	P.SRR1761669	P.SRR1761670	P.SRR1761671	P.SRR1761672	P.SRR1761673	P.SRR1761674	P.SRR1761675	P.SRR1761698	P.SRR1761699	P.SRR1761700	P.SRR1761701	P.SRR1761702	P.SRR1761703	P.SRR1761704	P.SRR1761705	P.SRR1761706	P.SRR1761707	P.SRR1761708	P.SRR1761709	P.SRR1761710	P.SRR1761711	P.SRR1761712	P.SRR1761713	P.SRR1761714	P.SRR1761715	P.SRR1761716	P.SRR1761717	P.SRR1761718	P.SRR1761719	P.SRR1761720	P.SRR1761721	
Acetivibrio	0.00000000	0.00000000	0.00000000	0.00000000	0.00000000	0.00000000	0.00000000	0.00000000	0.00000000	0.00000000	0.00000000	0.00000000	0.00000000	0.00031226	0.00000000	0.00000000	0.00038193	0.00000000	0.00000000	0.00000000	0.00000000	0.00000000	0.00000000	0.00059487	0.00000000	0.00000000	0.00046731	0.00000000	0.00034426	0.00000000	0.00000000	0.00025307	0.00000000	0.00000000	0.00000000	0.00000000	
Acetobacterium	0.00000000	0.00000000	0.00000000	0.00000000	0.00000000	0.00000000	0.00000000	0.00000000	0.00000000	0.00000000	0.00000000	0.00000000	0.00000000	0.00000000	0.00000000	0.00000000	0.00000000	0.00000000	0.00000000	0.00000000	0.00000000	0.00000000	0.00000000	0.00025383	0.00000000	0.00000000	0.00000000	0.00000000	0.00000000	0.00000000	0.00000000	0.00000000	0.00000000	0.00000000	0.00000000	0.00000000	
Acholeplasma	0.00000000	0.00000000	0.00000000	0.00000000	0.00000000	0.00000000	0.00000000	0.00000000	0.00000000	0.00000000	0.00000000	0.00000000	0.00000000	0.00000000	0.00000000	0.00000000	0.00000000	0.00000000	0.00000000	0.00000000	0.00036325	0.00000000	0.00000000	0.00000000	0.00000000	0.00000000	0.00000000	0.00000000	0.00000000	0.00000000	0.00000000	0.00000000	0.00000000	0.00015447	0.00000000	0.00000000	
Acidaminococcus	0.00407791	0.00000000	0.00000000	0.00000000	0.00000000	0.00000000	0.00000000	0.00000000	0.00000000	0.00077937	0.00000000	0.00135304	0.00000000	0.00000000	0.00045846	0.00000000	0.00000000	0.00027438	0.00000000	0.00000000	0.00000000	0.00000000	0.00000000	0.00000000	0.00023729	0.00062273	0.00000000	0.00000000	0.00058611	0.00000000	0.00039264	0.00000000	0.00000000	0.00000000	0.00000000	0.00000000	
Akkermansia	0.00000000	0.00000000	0.00000000	0.00000000	0.00000000	0.00000000	0.00000000	0.00000000	0.00000000	0.01812169	0.00000000	0.00000000	0.00000000	0.00000000	0.00000000	0.02165867	0.00000000	0.00000000	0.00000000	0.00000000	0.00000000	0.00000000	0.00000000	0.02387752	0.00000000	0.00000000	0.00000000	0.00000000	0.00000000	0.00000000	0.00000000	0.00000000	0.00000000	0.00000000	0.00000000	0.00000000	
Alistipes	0.00743842	0.01050369	0.00000000	0.00530827	0.02446908	0.01922271	0.02197581	0.00157365	0.01319555	0.00622718	0.00248875	0.00126057	0.00144565	0.00164392	0.00259157	0.00232601	0.01619257	0.00292264	0.00097189	0.00364467	0.00090254	0.00045757	0.00428474	0.00068901	0.00068061	0.00105862	0.00043066	0.00117604	0.00081984	0.00256348	0.00118032	0.00514980	0.00243497	0.00394900	0.00154001	0.00156629	
Alloprevotella	0.00534255	0.00083520	0.02498725	0.00046651	0.00136891	0.00000000	0.00106291	0.00660135	0.00103502	0.00086850	0.00941890	0.00111476	0.00579353	0.00018833	0.00051750	0.00000000	0.00000000	0.00063591	0.00000000	0.00372255	0.01117054	0.00296199	0.00058804	0.00000000	0.00545733	0.00000000	0.00000000	0.00038815	0.00372189	0.00172245	0.00000000	0.00394417	0.00049369	0.00392550	0.00436095	0.00000000	
Anaerofustis	0.00000000	0.00000000	0.00000000	0.00000000	0.00000000	0.00000000	0.00000000	0.00000000	0.00000000	0.00000000	0.00000000	0.00000000	0.00000000	0.00052011	0.00000000	0.00000000	0.00000000	0.00000000	0.00000000	0.00000000	0.00000000	0.00000000	0.00000000	0.00046748	0.00000000	0.00000000	0.00000000	0.00000000	0.00000000	0.00000000	0.00000000	0.00000000	0.00000000	0.00000000	0.00000000	0.00000000	
Anaerostipes	0.00000000	0.00000000	0.00000000	0.00000000	0.00000000	0.00000000	0.00000000	0.00000000	0.00000000	0.00000000	0.00000000	0.00000000	0.00000000	0.00023922	0.00000000	0.00000000	0.00000000	0.00000000	0.00000000	0.00000000	0.00000000	0.00000000	0.00000000	0.00025133	0.00000000	0.00000000	0.00000000	0.00033454	0.00042688	0.00000000	0.00000000	0.00000000	0.00000000	0.00000000	0.00000000	0.00000000	
Anaerotruncus	0.00000000	0.00097779	0.00000000	0.00056054	0.00096629	0.00077474	0.00164804	0.00000000	0.00086954	0.00119386	0.00000000	0.00037055	0.00188497	0.00154600	0.00204308	0.00000000	0.00166866	0.00192034	0.00218789	0.00045788	0.00000000	0.00119814	0.00114467	0.00139130	0.00061764	0.00281862	0.00186249	0.00207879	0.00081967	0.00208144	0.00238540	0.00123250	0.00095922	0.00034163	0.00077858	0.00081547	
Atopobium	0.00000000	0.00040662	0.00000000	0.00000000	0.00000000	0.00000000	0.00000000	0.00000000	0.00000000	0.00000000	0.00000000	0.00033113	0.00000000	0.00000000	0.00000000	0.00293339	0.00000000	0.00000000	0.00000000	0.00000000	0.00000000	0.00000000	0.00000000	0.00000000	0.00000000	0.00000000	0.00000000	0.00000000	0.00000000	0.00000000	0.00000000	0.00000000	0.00000000	0.00000000	0.00000000	0.00000000	
Bacillus	0.00000000	0.00076844	0.00000000	0.00048399	0.00048912	0.00103942	0.00111714	0.00094621	0.00061694	0.00079778	0.00000000	0.00066067	0.00126775	0.00213052	0.00109859	0.00000000	0.00196360	0.00106402	0.00249436	0.00077882	0.00148626	0.00087773	0.00110668	0.00182056	0.00085467	0.00141835	0.00294824	0.00228977	0.00145560	0.00192741	0.00273533	0.00246967	0.00118943	0.00110137	0.00075749	0.00151097	
Bacteroides	0.03293919	0.02867684	0.04874023	0.01897017	0.04724539	0.03730136	0.03382172	0.03872825	0.03560526	0.03607094	0.05081125	0.01742827	0.01606489	0.01560070	0.02176882	0.05417188	0.02847218	0.02171320	0.00538610	0.03254145	0.06544630	0.02114021	0.01269848	0.00998329	0.02450578	0.01485589	0.00387317	0.01053361	0.04278028	0.02282940	0.00768305	0.02587503	0.02048438	0.02392753	0.05052624	0.01736890	
Barnesiella	0.00000000	0.00282177	0.00000000	0.00075990	0.00105951	0.00214958	0.00256589	0.00071222	0.00143573	0.00077169	0.00107454	0.00000000	0.00036134	0.00047280	0.00048105	0.00163593	0.00000000	0.00000000	0.00000000	0.00038098	0.00000000	0.00039484	0.00000000	0.00000000	0.00000000	0.00164569	0.00023360	0.00000000	0.00088821	0.00072047	0.00000000	0.00138052	0.00000000	0.00040411	0.00000000	0.00054430	
Bifidobacterium	0.00125774	0.00683626	0.00000000	0.00028229	0.00000000	0.00000000	0.02798600	0.00000000	0.00000000	0.00385424	0.00471331	0.01032777	0.00034903	0.00017823	0.00000000	0.07636604	0.00023995	0.00030946	0.00000000	0.00288106	0.00772943	0.00000000	0.00148775	0.00053999	0.00029477	0.00000000	0.00000000	0.00000000	0.00818299	0.00000000	0.00028280	0.00000000	0.03192345	0.00000000	0.00000000	0.00000000	
Blastocystis	0.00000000	0.00000000	0.00000000	0.00000000	0.00029445	0.00000000	0.00000000	0.00000000	0.00000000	0.00000000	0.00000000	0.00000000	0.00000000	0.00000000	0.00000000	0.00000000	0.00000000	0.00000000	0.00000000	0.00000000	0.00000000	0.00000000	0.00000000	0.00000000	0.00000000	0.00000000	0.00000000	0.00000000	0.00000000	0.00000000	0.00000000	0.00000000	0.00000000	0.00000000	0.00000000	0.00000000	
Blautia	0.00401280	0.00245447	0.01405172	0.00050630	0.00066143	0.00000000	0.00117566	0.00150765	0.00054416	0.00141645	0.00087055	0.00308087	0.00633671	0.00445908	0.00206378	0.00091868	0.00188592	0.00280873	0.00141486	0.00122631	0.00203547	0.00503134	0.00153496	0.00248875	0.01922853	0.00298826	0.00212273	0.00274219	0.00301558	0.00344578	0.00498699	0.00154512	0.00467052	0.00195336	0.00184800	0.00783521	
Brachyspira	0.00000000	0.00000000	0.00000000	0.00000000	0.00000000	0.00000000	0.00000000	0.00000000	0.00000000	0.00000000	0.00000000	0.00000000	0.00000000	0.00000000	0.00628932	0.00000000	0.00321168	0.00000000	0.00000000	0.00101149	0.00000000	0.00000000	0.00000000	0.00000000	0.00460390	0.00440255	0.00000000	0.00000000	0.00237694	0.01392427	0.00000000	0.00172106	0.00000000	0.01549379	0.00000000	0.00000000	
Bulleidia	0.00000000	0.00000000	0.00000000	0.00000000	0.00000000	0.00000000	0.00000000	0.00000000	0.00000000	0.00000000	0.00000000	0.00000000	0.00000000	0.00000000	0.00000000	0.00000000	0.00000000	0.00000000	0.00000000	0.00000000	0.00000000	0.00000000	0.00000000	0.00000000	0.00000000	0.00000000	0.00000000	0.00000000	0.00000000	0.00000000	0.00013686	0.00000000	0.00000000	0.00000000	0.00000000	0.00000000	
Butyricicoccus	0.00057034	0.00054986	0.00350704	0.00401375	0.00000000	0.00000000	0.00073212	0.00064669	0.00034132	0.00047433	0.00052904	0.00029395	0.00042738	0.00045521	0.00066375	0.00000000	0.00050083	0.00039248	0.00062135	0.00000000	0.00000000	0.00034699	0.00050570	0.00090404	0.00059536	0.00072152	0.00106319	0.00063938	0.00000000	0.00078834	0.00045214	0.00039908	0.00030671	0.00000000	0.00000000	0.00038368	
Butyricimonas	0.00000000	0.00000000	0.00000000	0.00000000	0.00089792	0.00000000	0.00125980	0.00095077	0.00000000	0.00000000	0.00208837	0.00000000	0.00000000	0.00020072	0.00029093	0.00050281	0.00023499	0.00000000	0.00000000	0.00019589	0.00077798	0.00000000	0.00000000	0.00000000	0.00073759	0.00000000	0.00000000	0.00000000	0.00043334	0.00033596	0.00000000	0.00039553	0.00000000	0.00041439	0.00117743	0.00000000	
Butyrivibrio	0.00146711	0.00190958	0.00112550	0.00096886	0.00108438	0.00122027	0.00803455	0.00085261	0.00060485	0.00162295	0.00092091	0.00118595	0.00215285	0.01491976	0.01033344	0.00000000	0.05199541	0.00512344	0.01240348	0.00033922	0.00077413	0.00731209	0.00339981	0.00097465	0.04124661	0.00191496	0.00178470	0.00124450	0.00204561	0.00228737	0.00465297	0.00119248	0.02441120	0.00109053	0.00209347	0.01131637	
Caldicellulosiruptor	0.00000000	0.00000000	0.00000000	0.00000000	0.00000000	0.00000000	0.00000000	0.00000000	0.00000000	0.00000000	0.00000000	0.00000000	0.00000000	0.00000000	0.00000000	0.00000000	0.00030406	0.00000000	0.00000000	0.00000000	0.00000000	0.00000000	0.00000000	0.00045859	0.00000000	0.00000000	0.00000000	0.00040663	0.00000000	0.00000000	0.00000000	0.00000000	0.00000000	0.00000000	0.00000000	0.00000000	
Campylobacter	0.00000000	0.00000000	0.00000000	0.00000000	0.00000000	0.00000000	0.00000000	0.00000000	0.00000000	0.00000000	0.00066258	0.00000000	0.00000000	0.00000000	0.00000000	0.00000000	0.00000000	0.01187419	0.00726161	0.00000000	0.02977462	0.00298209	0.00000000	0.00000000	0.00454888	0.00000000	0.00000000	0.00000000	0.00000000	0.00000000	0.00000000	0.00000000	0.01977191	0.00707745	0.00273278	0.00000000	
Candidatus_Methanomethylophilus	0.00000000	0.00000000	0.00000000	0.00000000	0.00000000	0.00000000	0.00000000	0.00000000	0.00000000	0.00092061	0.00000000	0.00000000	0.00000000	0.00000000	0.00000000	0.00000000	0.00000000	0.00000000	0.00000000	0.00000000	0.00000000	0.00000000	0.00000000	0.00000000	0.00000000	0.00000000	0.00000000	0.00000000	0.00000000	0.00000000	0.00000000	0.00000000	0.00000000	0.00000000	0.00000000	0.00000000	
Candidatus_Saccharimonas	0.00000000	0.00000000	0.00000000	0.00000000	0.00000000	0.00000000	0.00000000	0.00000000	0.00059164	0.00000000	0.00000000	0.00000000	0.00000000	0.00000000	0.00000000	0.00000000	0.00000000	0.00000000	0.00000000	0.00000000	0.00000000	0.00000000	0.00000000	0.00000000	0.00000000	0.00000000	0.00000000	0.00000000	0.00000000	0.00000000	0.00000000	0.00000000	0.00000000	0.00000000	0.00000000	0.00000000	
Catenibacterium	0.04711341	0.00980572	0.09443336	0.00000000	0.00070954	0.00029109	0.00035268	0.02453831	0.00000000	0.00449063	0.01824695	0.01259443	0.00252248	0.00759274	0.00280985	0.00000000	0.00043825	0.00574105	0.00528710	0.07475725	0.00488816	0.00931932	0.00803029	0.04271467	0.06091209	0.00038408	0.00716050	0.00084723	0.00278578	0.01212151	0.02206785	0.00876314	0.02177623	0.01265936	0.00000000	0.00060981	
Cellulosilyticum	0.00000000	0.00000000	0.00000000	0.00000000	0.00000000	0.00000000	0.00000000	0.00000000	0.00000000	0.00000000	0.00000000	0.00000000	0.00000000	0.00027790	0.00000000	0.00000000	0.00000000	0.00000000	0.00000000	0.00000000	0.00000000	0.00000000	0.00000000	0.00048770	0.00000000	0.00000000	0.00023816	0.00048332	0.00000000	0.00000000	0.00028237	0.00000000	0.00000000	0.00000000	0.00000000	0.00000000	
Citrobacter	0.00000000	0.00000000	0.00000000	0.00000000	0.00000000	0.00000000	0.00000000	0.00000000	0.00000000	0.00000000	0.00000000	0.00000000	0.00000000	0.00000000	0.00000000	0.00000000	0.00000000	0.00000000	0.00000000	0.00000000	0.00000000	0.00000000	0.00000000	0.00000000	0.00000000	0.00000000	0.00000000	0.00000000	0.00000000	0.00000000	0.00063574	0.00000000	0.00000000	0.00000000	0.00000000	0.00000000	
Clostridium	0.01282934	0.02568202	0.00642921	0.00501650	0.02331936	0.09173363	0.03386857	0.00963063	0.02631969	0.01656334	0.00740466	0.00857224	0.02140847	0.04903417	0.02170342	0.00458512	0.02706890	0.03345692	0.04088879	0.02624132	0.02223380	0.01677276	0.03421354	0.07140891	0.01911643	0.03157312	0.10011093	0.06605256	0.01864617	0.04618155	0.05522029	0.07268004	0.01837558	0.01925498	0.01593827	0.02779721	
Collinsella	0.01753954	0.01073726	0.01883192	0.00217248	0.00000000	0.00095009	0.00286930	0.00232346	0.00000000	0.00272936	0.00099671	0.00183146	0.00160935	0.00146124	0.00144412	0.07221315	0.00237130	0.00158542	0.00000000	0.00010892	0.00000000	0.00020784	0.00000000	0.01183133	0.00437330	0.00000000	0.00035513	0.00317240	0.00239713	0.00068194	0.00236786	0.00190682	0.00600156	0.00000000	0.00000000	0.00029168	
Coprobacillus	0.00000000	0.00057527	0.00367870	0.00000000	0.00000000	0.00000000	0.00000000	0.00000000	0.00000000	0.00041973	0.00000000	0.00032196	0.00053088	0.00155990	0.00039830	0.00000000	0.00064811	0.00094304	0.00081300	0.00084101	0.00302016	0.00139428	0.00037052	0.00166088	0.00103358	0.00048641	0.00150753	0.00120372	0.00057610	0.00078304	0.00130948	0.00134476	0.00073140	0.00057183	0.00027566	0.00056458	
Coprococcus	0.00139380	0.00111157	0.00218726	0.00443459	0.00052150	0.00071092	0.00067820	0.00135003	0.00041945	0.00104313	0.00177661	0.01261190	0.00468829	0.00696257	0.06745115	0.00000000	0.00132520	0.00129056	0.00187232	0.00049641	0.00232913	0.07353825	0.00142202	0.00651191	0.01307232	0.00317125	0.00121146	0.00157282	0.00194280	0.00176425	0.01376300	0.00100341	0.01437397	0.00123366	0.00237015	0.00354994	
Coraliomargarita	0.00000000	0.00000000	0.00000000	0.00000000	0.00000000	0.00000000	0.00000000	0.00000000	0.00000000	0.00047678	0.00000000	0.00000000	0.00000000	0.00000000	0.00000000	0.00000000	0.00000000	0.00000000	0.00000000	0.00000000	0.00000000	0.00000000	0.00000000	0.00000000	0.00000000	0.00000000	0.00000000	0.00000000	0.00000000	0.00000000	0.00000000	0.00000000	0.00000000	0.00000000	0.00000000	0.00000000	
Coriobacterium	0.00000000	0.00000000	0.00000000	0.00000000	0.00000000	0.00000000	0.00000000	0.00000000	0.00000000	0.00000000	0.00000000	0.00000000	0.00000000	0.00000000	0.00000000	0.00130754	0.00000000	0.00000000	0.00000000	0.00000000	0.00000000	0.00000000	0.00000000	0.00000000	0.00000000	0.00000000	0.00000000	0.00000000	0.00000000	0.00000000	0.00000000	0.00000000	0.00000000	0.00000000	0.00000000	0.00000000	
Dehalobacter	0.00000000	0.00000000	0.00000000	0.00000000	0.00094101	0.00000000	0.00000000	0.00000000	0.00044913	0.00000000	0.00000000	0.00000000	0.00000000	0.00019525	0.00000000	0.00000000	0.00027741	0.00000000	0.00044500	0.00000000	0.00000000	0.00000000	0.00000000	0.00029662	0.00000000	0.00000000	0.00020394	0.00048486	0.00043672	0.00000000	0.00044859	0.00000000	0.00000000	0.00000000	0.00000000	0.00000000	
Desulfitobacterium	0.00000000	0.00000000	0.00000000	0.00000000	0.00000000	0.00000000	0.00000000	0.00000000	0.00000000	0.00000000	0.00000000	0.00000000	0.00037557	0.00028144	0.00000000	0.00000000	0.00035386	0.00021592	0.00024794	0.00000000	0.00000000	0.00000000	0.00020490	0.00067601	0.00000000	0.00046187	0.00031632	0.00042373	0.00000000	0.00000000	0.00036843	0.00000000	0.00000000	0.00000000	0.00000000	0.00000000	
Desulfosporosinus	0.00000000	0.00000000	0.00000000	0.00000000	0.00000000	0.00000000	0.00000000	0.00000000	0.00000000	0.00000000	0.00000000	0.00000000	0.00000000	0.00034942	0.00000000	0.00000000	0.00031923	0.00066593	0.00097199	0.00000000	0.00000000	0.00000000	0.00026819	0.00000000	0.00000000	0.00000000	0.00106774	0.00074326	0.00000000	0.00040540	0.00029831	0.00045735	0.00000000	0.00000000	0.00000000	0.00000000	
Desulfotomaculum	0.00000000	0.00000000	0.00000000	0.00000000	0.00000000	0.00000000	0.00000000	0.00000000	0.00000000	0.00000000	0.00000000	0.00000000	0.00000000	0.00030857	0.00000000	0.00000000	0.00000000	0.00000000	0.00000000	0.00000000	0.00000000	0.00000000	0.00000000	0.00026875	0.00000000	0.00000000	0.00000000	0.00000000	0.00000000	0.00000000	0.00000000	0.00000000	0.00000000	0.00000000	0.00000000	0.00000000	
Desulfovibrio	0.00000000	0.00000000	0.00000000	0.00000000	0.00000000	0.00179008	0.00000000	0.00000000	0.00443914	0.00167189	0.00000000	0.00000000	0.00000000	0.00000000	0.00000000	0.00000000	0.00000000	0.00038117	0.00018959	0.00000000	0.00000000	0.00000000	0.00000000	0.00000000	0.00000000	0.00000000	0.00000000	0.00000000	0.00000000	0.00000000	0.00026999	0.00000000	0.00000000	0.00000000	0.00000000	0.00000000	
Dialister	0.05945019	0.00915733	0.00090442	0.00546191	0.01081652	0.01226648	0.00562339	0.01785462	0.00168770	0.02391106	0.00646569	0.03324870	0.00315925	0.00127449	0.02241552	0.03461311	0.00528736	0.00455085	0.00069229	0.00457340	0.00000000	0.00000000	0.00013518	0.00000000	0.00384253	0.02095627	0.00000000	0.00000000	0.00701786	0.00000000	0.00562478	0.00000000	0.02191863	0.00000000	0.00198045	0.01164081	
Dorea	0.00249731	0.00122018	0.00378036	0.00031230	0.00000000	0.00000000	0.00079775	0.00087969	0.00031796	0.00063565	0.00071199	0.00376495	0.00375619	0.00136737	0.00106167	0.00061767	0.00232823	0.00098020	0.00079611	0.00025300	0.00239858	0.00257379	0.00073014	0.00269297	0.00640949	0.00092634	0.00090172	0.00075318	0.00137207	0.00098092	0.00110740	0.00072163	0.00173161	0.00064469	0.00151041	0.00190264	
Eggerthella	0.00000000	0.00081674	0.00000000	0.00000000	0.00000000	0.00000000	0.00000000	0.00000000	0.00000000	0.00000000	0.00000000	0.00021774	0.00100943	0.00023250	0.00000000	0.00174598	0.00000000	0.00000000	0.00000000	0.00000000	0.00000000	0.00000000	0.00000000	0.00284525	0.00000000	0.00000000	0.00000000	0.00000000	0.00000000	0.00000000	0.00032954	0.00000000	0.00000000	0.00000000	0.00000000	0.00000000	
Eggerthia	0.00000000	0.00000000	0.00000000	0.00000000	0.00000000	0.00000000	0.00000000	0.00000000	0.00000000	0.00000000	0.00000000	0.00000000	0.00000000	0.00023797	0.00000000	0.00000000	0.00000000	0.00000000	0.00000000	0.00000000	0.00000000	0.00000000	0.00000000	0.00000000	0.00000000	0.00000000	0.00000000	0.00000000	0.00000000	0.00000000	0.00000000	0.00000000	0.00000000	0.00000000	0.00000000	0.00000000	
Elusimicrobium	0.00000000	0.00000000	0.00000000	0.05973648	0.00035448	0.00000000	0.00000000	0.00000000	0.00000000	0.00000000	0.00000000	0.00000000	0.00000000	0.00000000	0.00040819	0.00000000	0.00039907	0.00000000	0.00000000	0.00350667	0.00000000	0.00190097	0.00093867	0.00000000	0.00508405	0.00000000	0.00000000	0.00000000	0.00000000	0.00000000	0.00260959	0.00000000	0.00923407	0.00475914	0.00873404	0.00321706	
Enterobacter	0.00000000	0.00000000	0.00000000	0.00000000	0.00000000	0.00000000	0.00000000	0.00000000	0.00000000	0.00000000	0.00000000	0.00000000	0.00000000	0.00000000	0.00000000	0.00000000	0.00000000	0.00000000	0.00000000	0.00000000	0.00000000	0.00000000	0.00000000	0.00000000	0.00000000	0.00000000	0.00000000	0.00000000	0.00000000	0.00000000	0.00024350	0.00000000	0.00000000	0.00000000	0.00000000	0.00000000	
Enterococcus	0.00000000	0.00000000	0.00000000	0.00000000	0.00000000	0.00000000	0.00000000	0.00000000	0.00000000	0.00000000	0.00000000	0.00000000	0.00075592	0.00079658	0.00039360	0.00000000	0.00056173	0.00038634	0.00057849	0.00000000	0.00032263	0.00066644	0.00045969	0.00081888	0.00086399	0.00071843	0.00093299	0.00047384	0.00033923	0.00052389	0.00064015	0.00045749	0.00051753	0.00041160	0.00034018	0.00039881	
Enterorhabdus	0.00000000	0.00000000	0.00000000	0.00000000	0.00000000	0.00000000	0.00000000	0.00000000	0.00000000	0.00000000	0.00000000	0.00000000	0.00000000	0.00000000	0.00000000	0.00000000	0.00000000	0.00000000	0.00000000	0.00000000	0.00000000	0.00000000	0.00000000	0.00027067	0.00000000	0.00000000	0.00000000	0.00000000	0.00000000	0.00000000	0.00000000	0.00000000	0.00000000	0.00000000	0.00000000	0.00000000	
Erysipelatoclostridium	0.00000000	0.00000000	0.00323099	0.00000000	0.00000000	0.00000000	0.00000000	0.00000000	0.00000000	0.00000000	0.00000000	0.00000000	0.00000000	0.00063854	0.00000000	0.00000000	0.00000000	0.00000000	0.00000000	0.00000000	0.00281418	0.00112993	0.00000000	0.00039351	0.00050568	0.00000000	0.00000000	0.00000000	0.00018491	0.00000000	0.00000000	0.00000000	0.00000000	0.00000000	0.00000000	0.00000000	
Escherichia	0.00000000	0.00000000	0.00000000	0.03625490	0.00000000	0.00000000	0.00000000	0.00366840	0.00000000	0.00294634	0.00583931	0.00000000	0.00000000	0.00000000	0.00000000	0.00030735	0.00000000	0.00000000	0.00000000	0.00000000	0.00000000	0.00000000	0.00000000	0.00000000	0.00000000	0.00000000	0.00000000	0.00000000	0.00000000	0.00000000	0.01323647	0.00000000	0.00000000	0.00000000	0.00000000	0.00000000	
Ethanoligenens	0.00000000	0.00000000	0.00000000	0.00000000	0.00000000	0.00000000	0.00000000	0.00000000	0.00000000	0.00000000	0.00000000	0.00000000	0.00000000	0.00038645	0.00066314	0.00000000	0.00099875	0.00092637	0.00158437	0.00000000	0.00000000	0.00000000	0.00048399	0.00061003	0.00000000	0.00087961	0.00117759	0.00131937	0.00028221	0.00000000	0.00078846	0.00000000	0.00000000	0.00000000	0.00000000	0.00000000	
Eubacterium	0.00969552	0.01247663	0.01109132	0.00138367	0.00177225	0.00189665	0.00208752	0.02093527	0.00117063	0.02545498	0.00331682	0.01748156	0.06286703	0.01135011	0.00426105	0.00051108	0.01119410	0.00463243	0.00520468	0.00207267	0.01636900	0.08416245	0.00727130	0.00937153	0.02574594	0.01354115	0.00494529	0.00518267	0.03335090	0.02585835	0.01011502	0.00715501	0.01235037	0.01396515	0.03898300	0.00539104	
Faecalibacterium	0.01211893	0.01678525	0.01480084	0.03801056	0.00619603	0.00330745	0.00486390	0.02434441	0.00342532	0.02964521	0.01950037	0.00622906	0.02999299	0.01060114	0.01312236	0.10198960	0.01577942	0.01160797	0.00420350	0.00281242	0.05610749	0.04530863	0.00631928	0.00297490	0.01934199	0.02776435	0.00535523	0.00710897	0.03001924	0.03561203	0.01452272	0.00533532	0.02532039	0.00507221	0.01156663	0.05610535	
Flavonifractor	0.00156678	0.00000000	0.00000000	0.00050762	0.00073754	0.00000000	0.00103434	0.00000000	0.00033677	0.00076270	0.00000000	0.00000000	0.00022986	0.00110383	0.00207087	0.00000000	0.00024012	0.00061233	0.00105021	0.00032853	0.00000000	0.00000000	0.00000000	0.00070882	0.00000000	0.00094511	0.00067004	0.00094823	0.00000000	0.00000000	0.00133924	0.00105110	0.00000000	0.00000000	0.00000000	0.00000000	
Fusobacterium	0.00000000	0.00000000	0.00000000	0.00000000	0.00000000	0.00056632	0.00000000	0.00000000	0.00000000	0.00000000	0.00000000	0.00000000	0.00038229	0.00031287	0.00000000	0.00000000	0.00019115	0.00000000	0.00000000	0.00000000	0.00000000	0.00000000	0.00000000	0.00000000	0.00023266	0.00000000	0.00029480	0.00000000	0.00000000	0.00056457	0.00000000	0.00031375	0.00000000	0.00000000	0.00000000	0.00000000	
Gordonibacter	0.00000000	0.00000000	0.00000000	0.00000000	0.00000000	0.00000000	0.00000000	0.00000000	0.00000000	0.00000000	0.00000000	0.00000000	0.00056773	0.00000000	0.00000000	0.00000000	0.00000000	0.00000000	0.00000000	0.00000000	0.00000000	0.00000000	0.00000000	0.00038739	0.00000000	0.00000000	0.00000000	0.00000000	0.00000000	0.00000000	0.00000000	0.00000000	0.00000000	0.00000000	0.00000000	0.00000000	
Haemophilus	0.00000000	0.00000000	0.00000000	0.00000000	0.00000000	0.00000000	0.00000000	0.00000000	0.00000000	0.00000000	0.00000000	0.00000000	0.00000000	0.00000000	0.00000000	0.00000000	0.00000000	0.00000000	0.00000000	0.00000000	0.00272308	0.00000000	0.00000000	0.00000000	0.00000000	0.00000000	0.00000000	0.00000000	0.00000000	0.00000000	0.00000000	0.00000000	0.00000000	0.00106964	0.00000000	0.00000000	
Helicobacter	0.00000000	0.00000000	0.00000000	0.00000000	0.00000000	0.00000000	0.00000000	0.00000000	0.00000000	0.00000000	0.00000000	0.00000000	0.00000000	0.00000000	0.00000000	0.00000000	0.00000000	0.00185053	0.00099966	0.00000000	0.00466740	0.00015560	0.00000000	0.00000000	0.00054015	0.00000000	0.00000000	0.00000000	0.00000000	0.00032657	0.00000000	0.00000000	0.00235540	0.00094762	0.00037876	0.00000000	
Holdemanella	0.00458889	0.02006378	0.00605077	0.00000000	0.00000000	0.00000000	0.00000000	0.00092846	0.00000000	0.00046892	0.00048886	0.00053558	0.00050194	0.00322491	0.00142469	0.00000000	0.00021880	0.00138134	0.00019494	0.00454839	0.00253148	0.00086021	0.00057198	0.00506155	0.01844429	0.00000000	0.00182726	0.00043008	0.00042776	0.00091564	0.00243981	0.00130038	0.00095474	0.00878713	0.00000000	0.00409000	
Holdemania	0.00000000	0.00053618	0.00000000	0.00000000	0.00000000	0.00000000	0.00000000	0.00000000	0.00000000	0.00000000	0.00000000	0.00000000	0.00117925	0.00135865	0.00028261	0.00000000	0.00055608	0.00039005	0.00000000	0.00000000	0.00000000	0.00064822	0.00000000	0.00069000	0.00035253	0.00044862	0.00035010	0.00081673	0.00000000	0.00040326	0.00080882	0.00029670	0.00000000	0.00000000	0.00000000	0.00110423	
Intestinibacter	0.00000000	0.00000000	0.00000000	0.00000000	0.00000000	0.00000000	0.00000000	0.00000000	0.00000000	0.00000000	0.00000000	0.00000000	0.00000000	0.00000000	0.00000000	0.00000000	0.00000000	0.00000000	0.00000000	0.00000000	0.00000000	0.00000000	0.00000000	0.00032777	0.00000000	0.00000000	0.00000000	0.00000000	0.00000000	0.00000000	0.00000000	0.00000000	0.00000000	0.00000000	0.00000000	0.00000000	
Klebsiella	0.00000000	0.00000000	0.00000000	0.00000000	0.00000000	0.00000000	0.00000000	0.00000000	0.00000000	0.00000000	0.00000000	0.00000000	0.00000000	0.00000000	0.00000000	0.00000000	0.00000000	0.00000000	0.00000000	0.00000000	0.00063992	0.00000000	0.00000000	0.00000000	0.00000000	0.00000000	0.00161767	0.00000000	0.00000000	0.00016986	0.00847281	0.00068243	0.00021846	0.00000000	0.00034246	0.00000000	
Lachnoclostridium	0.00000000	0.00061362	0.00000000	0.00035151	0.00000000	0.00000000	0.00213272	0.00000000	0.00041847	0.00111310	0.00000000	0.00104901	0.00654945	0.00448306	0.00302449	0.00000000	0.00352700	0.00344030	0.00444432	0.00066206	0.00049842	0.00371837	0.00322846	0.00280368	0.00408055	0.00783225	0.00338151	0.00424026	0.00367487	0.00525786	0.00479387	0.00178816	0.00427673	0.00220125	0.00187703	0.00494872	
Lactobacillus	0.00366365	0.00384138	0.00000000	0.00000000	0.00000000	0.00045715	0.00058346	0.00608853	0.00000000	0.00040214	0.00000000	0.00627150	0.00060672	0.01030927	0.00044044	0.00000000	0.00037839	0.00043257	0.00066104	0.00031387	0.00052567	0.00061739	0.00117586	0.00099935	0.00067301	0.00233965	0.00070697	0.00061689	0.00045988	0.00072308	0.00068206	0.00038980	0.00372363	0.00000000	0.00041995	0.00057100	
Lactococcus	0.00000000	0.00000000	0.00000000	0.00000000	0.00000000	0.00000000	0.00000000	0.00000000	0.00000000	0.00000000	0.00064059	0.00000000	0.00000000	0.00000000	0.00000000	0.00000000	0.00000000	0.00000000	0.00000000	0.00000000	0.00668623	0.00000000	0.00000000	0.00014246	0.00000000	0.00000000	0.00000000	0.00000000	0.00000000	0.00000000	0.00000000	0.00000000	0.00000000	0.00000000	0.00000000	0.00000000	
Lentisphaera	0.00000000	0.00000000	0.00000000	0.00126526	0.00334405	0.00298468	0.00034550	0.00000000	0.00026721	0.00000000	0.00000000	0.00000000	0.00000000	0.00000000	0.00000000	0.00000000	0.00000000	0.00000000	0.00000000	0.00000000	0.00000000	0.00000000	0.00024958	0.00000000	0.00000000	0.00000000	0.00000000	0.00000000	0.00000000	0.00000000	0.00000000	0.00000000	0.00000000	0.00000000	0.00000000	0.00000000	
Leuconostoc	0.00000000	0.00000000	0.00000000	0.00000000	0.00000000	0.00000000	0.00000000	0.00000000	0.00000000	0.00000000	0.00000000	0.00000000	0.00000000	0.00000000	0.00000000	0.00000000	0.00000000	0.00000000	0.00000000	0.00000000	0.00447680	0.00000000	0.00000000	0.00000000	0.00000000	0.00000000	0.00000000	0.00000000	0.00000000	0.00000000	0.00000000	0.00000000	0.00000000	0.00000000	0.00000000	0.00000000	
Mahella	0.00000000	0.00000000	0.00000000	0.00000000	0.00000000	0.00000000	0.00000000	0.00000000	0.00000000	0.00000000	0.00000000	0.00000000	0.00000000	0.00000000	0.00000000	0.00000000	0.00050765	0.00000000	0.00000000	0.00000000	0.00000000	0.00000000	0.00027886	0.00044310	0.00000000	0.00000000	0.00096196	0.00045409	0.00021308	0.00000000	0.00000000	0.00000000	0.00000000	0.00000000	0.00000000	0.00000000	
Marvinbryantia	0.00000000	0.00067770	0.00000000	0.00000000	0.00000000	0.00000000	0.00050815	0.00000000	0.00033245	0.00035105	0.00000000	0.00000000	0.00081681	0.00083421	0.00101573	0.00000000	0.00088941	0.00118340	0.00059784	0.00026542	0.00048013	0.00065272	0.00046212	0.00037579	0.00097285	0.00094593	0.00053788	0.00077354	0.00091147	0.00137238	0.00076609	0.00021566	0.00069658	0.00042188	0.00101364	0.00136228	
Megasphaera	0.00000000	0.00000000	0.00000000	0.00198273	0.00000000	0.00000000	0.00000000	0.00837001	0.00000000	0.00279786	0.00000000	0.04801838	0.00000000	0.00000000	0.00000000	0.01042956	0.00000000	0.00000000	0.00000000	0.00000000	0.00000000	0.00000000	0.00000000	0.00000000	0.00000000	0.00000000	0.00000000	0.00000000	0.00000000	0.00000000	0.00000000	0.00000000	0.00000000	0.00000000	0.00000000	0.00000000	
Methanobrevibacter	0.02491064	0.00028906	0.00000000	0.00000000	0.00000000	0.00000000	0.00000000	0.00000000	0.00627657	0.00831914	0.00000000	0.00312567	0.00010572	0.00530626	0.00959867	0.00000000	0.00844488	0.00786442	0.00658024	0.00565807	0.00000000	0.00000000	0.00245461	0.06833243	0.00000000	0.00000000	0.02932045	0.00996296	0.00000000	0.00545967	0.01040341	0.03270711	0.00000000	0.00161619	0.00000000	0.00000000	
Methanomassiliicoccus	0.00000000	0.00000000	0.00000000	0.00000000	0.00000000	0.00000000	0.00000000	0.00000000	0.00000000	0.00042873	0.00000000	0.00000000	0.00000000	0.00000000	0.00000000	0.00000000	0.00000000	0.00000000	0.00000000	0.00000000	0.00000000	0.00000000	0.00000000	0.00000000	0.00000000	0.00000000	0.00000000	0.00000000	0.00000000	0.00000000	0.00000000	0.00000000	0.00000000	0.00000000	0.00000000	0.00000000	
Methanosphaera	0.00000000	0.00000000	0.00000000	0.00000000	0.00000000	0.00000000	0.00000000	0.00000000	0.00076268	0.00000000	0.00000000	0.00000000	0.00000000	0.00000000	0.00000000	0.00000000	0.00000000	0.00000000	0.00000000	0.00000000	0.00000000	0.00000000	0.00000000	0.00000000	0.00000000	0.00000000	0.00000000	0.00000000	0.00000000	0.00000000	0.00000000	0.00000000	0.00000000	0.00000000	0.00000000	0.00000000	
Mitsuokella	0.00000000	0.00000000	0.00000000	0.00000000	0.00000000	0.00000000	0.00000000	0.00000000	0.00000000	0.00025331	0.00000000	0.00725221	0.00000000	0.00000000	0.00000000	0.00000000	0.00000000	0.00000000	0.00000000	0.00000000	0.00000000	0.00000000	0.00000000	0.00000000	0.00000000	0.00000000	0.00000000	0.00000000	0.00000000	0.00000000	0.00000000	0.00000000	0.00000000	0.00000000	0.00000000	0.00000000	
Mogibacterium	0.00885983	0.00428329	0.00000000	0.00000000	0.00000000	0.00000000	0.00000000	0.00051077	0.00085177	0.00000000	0.00000000	0.00000000	0.00000000	0.00000000	0.00000000	0.00000000	0.00000000	0.00000000	0.00000000	0.00000000	0.00000000	0.00000000	0.00044761	0.00363445	0.00000000	0.00000000	0.00000000	0.00000000	0.00000000	0.00000000	0.00000000	0.00000000	0.00000000	0.00000000	0.00000000	0.00000000	
Mycoplasma	0.00000000	0.00000000	0.00000000	0.00000000	0.00000000	0.00000000	0.00000000	0.00000000	0.00000000	0.00000000	0.00000000	0.00000000	0.00000000	0.00000000	0.00000000	0.00000000	0.00000000	0.00000000	0.00000000	0.00000000	0.00240528	0.00000000	0.00000000	0.00000000	0.00000000	0.00000000	0.00000000	0.00000000	0.00000000	0.00000000	0.00000000	0.00000000	0.00000000	0.00000000	0.00000000	0.00000000	
Odoribacter	0.00126882	0.00116885	0.00000000	0.00081960	0.00195554	0.00201202	0.00203837	0.00169509	0.00301661	0.00124703	0.00211543	0.00046992	0.00046757	0.00022242	0.00052035	0.00044741	0.00000000	0.00057065	0.00000000	0.00056092	0.00000000	0.00051188	0.00000000	0.00000000	0.00045856	0.00000000	0.00000000	0.00000000	0.00069673	0.00090995	0.00000000	0.00097597	0.00082189	0.00080057	0.00039033	0.00030714	
Olsenella	0.00068643	0.00039907	0.00000000	0.00000000	0.00000000	0.00000000	0.00022544	0.00000000	0.00000000	0.00000000	0.00000000	0.00047662	0.00000000	0.00000000	0.00000000	0.00389382	0.00000000	0.00000000	0.00000000	0.00000000	0.00000000	0.00000000	0.00000000	0.00033801	0.00000000	0.00000000	0.00000000	0.00000000	0.00000000	0.00000000	0.00000000	0.00000000	0.00000000	0.00000000	0.00000000	0.00000000	
Oribacterium	0.00000000	0.00077224	0.00000000	0.00000000	0.00000000	0.00068535	0.00126921	0.00106755	0.00026329	0.00027072	0.00000000	0.00051334	0.00072554	0.00077008	0.00000000	0.00000000	0.00035120	0.00026745	0.00251810	0.00000000	0.00000000	0.00057525	0.00122584	0.00031655	0.00043197	0.00066130	0.00030351	0.00045367	0.00032560	0.00000000	0.00053030	0.00000000	0.00000000	0.00000000	0.00033349	0.00095025	
Oscillibacter	0.00573220	0.01481399	0.00000000	0.00516003	0.00596698	0.01377400	0.01343044	0.00220909	0.00325371	0.00504183	0.00101417	0.00273995	0.00355589	0.00298779	0.00692508	0.00000000	0.00274354	0.00572678	0.01045911	0.00089089	0.00000000	0.00251540	0.00315584	0.00599848	0.00149767	0.00831028	0.00530802	0.00539914	0.00129793	0.00671357	0.00373130	0.00246781	0.00188966	0.00041546	0.00207246	0.00235256	
Oxalobacter	0.00000000	0.00000000	0.00000000	0.00056765	0.00000000	0.00000000	0.00000000	0.00000000	0.00000000	0.00023677	0.00000000	0.00000000	0.00000000	0.00000000	0.00000000	0.00000000	0.00000000	0.00000000	0.00000000	0.00000000	0.00000000	0.00000000	0.00000000	0.00000000	0.00000000	0.00000000	0.00000000	0.00000000	0.00000000	0.00000000	0.00000000	0.00000000	0.00000000	0.00000000	0.00000000	0.00000000	
Paenibacillus	0.00000000	0.00092107	0.00000000	0.00000000	0.00084192	0.00120462	0.00148461	0.00000000	0.00062046	0.00082669	0.00000000	0.00042909	0.00111536	0.00165027	0.00098560	0.00000000	0.00184690	0.00164041	0.00323570	0.00051506	0.00059961	0.00097058	0.00103564	0.00251204	0.00086022	0.00158465	0.00176759	0.00278859	0.00096596	0.00142670	0.00205800	0.00145630	0.00098564	0.00098462	0.00098421	0.00083387	
Paludibacter	0.00000000	0.00000000	0.00000000	0.00000000	0.00083786	0.00000000	0.00000000	0.00000000	0.00257913	0.00000000	0.00000000	0.00000000	0.00000000	0.00000000	0.00000000	0.00000000	0.00000000	0.00000000	0.00000000	0.00000000	0.00000000	0.00000000	0.00000000	0.00000000	0.00000000	0.00000000	0.00000000	0.00000000	0.00000000	0.00000000	0.00000000	0.00000000	0.00000000	0.00000000	0.00000000	0.00000000	
Parabacteroides	0.00160706	0.00157780	0.00273575	0.00105270	0.00418629	0.00224063	0.00252619	0.00154755	0.00254945	0.00212824	0.00300032	0.00091624	0.00050303	0.00079154	0.00475822	0.01219193	0.00310019	0.00077218	0.00037705	0.00310024	0.00104562	0.00168407	0.00079370	0.00000000	0.00097591	0.00056921	0.00000000	0.00076422	0.00218413	0.00121230	0.00040205	0.00138215	0.00114281	0.00131746	0.00162511	0.00058609	
Paraprevotella	0.00000000	0.00000000	0.00229445	0.00082475	0.00078706	0.00123400	0.00111622	0.00156012	0.00126402	0.00000000	0.00174473	0.00000000	0.00054407	0.00026790	0.00049194	0.00000000	0.00000000	0.00035801	0.00000000	0.00075035	0.00182266	0.00062024	0.00037425	0.00000000	0.00059296	0.00000000	0.00000000	0.00000000	0.00057200	0.00070528	0.00000000	0.00079078	0.00039828	0.00053602	0.00092615	0.00045731	
Pedosphaera	0.00000000	0.00000000	0.00000000	0.00000000	0.00133721	0.00000000	0.00000000	0.00000000	0.00000000	0.00000000	0.00000000	0.00000000	0.00000000	0.00000000	0.00000000	0.00000000	0.00000000	0.00000000	0.00000000	0.00000000	0.00000000	0.00000000	0.00000000	0.00000000	0.00000000	0.00000000	0.00000000	0.00000000	0.00000000	0.00000000	0.00000000	0.00000000	0.00000000	0.00000000	0.00000000	0.00000000	
Peptoclostridium	0.00000000	0.00000000	0.00000000	0.00000000	0.00000000	0.00000000	0.00000000	0.00000000	0.00000000	0.00000000	0.00000000	0.00000000	0.00000000	0.00000000	0.00000000	0.00000000	0.00000000	0.00000000	0.00000000	0.00000000	0.00000000	0.00000000	0.00000000	0.00047708	0.00000000	0.00000000	0.00000000	0.00000000	0.00000000	0.00000000	0.00000000	0.00000000	0.00000000	0.00000000	0.00000000	0.00000000	
Phascolarctobacterium	0.00000000	0.00253573	0.02727480	0.01538924	0.00188529	0.00000000	0.00145820	0.00062879	0.01249615	0.00000000	0.00341656	0.00056685	0.01631184	0.00000000	0.00623068	0.00000000	0.00000000	0.00828839	0.04311359	0.00000000	0.00000000	0.00599305	0.00235845	0.00047749	0.00326240	0.00595714	0.00000000	0.00000000	0.01731002	0.00028979	0.00000000	0.00000000	0.00131173	0.00000000	0.00950595	0.00288538	
Porphyromonas	0.00000000	0.00000000	0.00145092	0.00048490	0.00080288	0.00000000	0.00000000	0.00085207	0.00204729	0.00000000	0.00127769	0.00000000	0.00023197	0.00036350	0.00058560	0.00000000	0.00000000	0.00032847	0.00000000	0.00044354	0.00000000	0.00037111	0.00000000	0.00000000	0.00051045	0.00000000	0.00000000	0.00000000	0.00049831	0.00052049	0.00000000	0.00075304	0.00059373	0.00045789	0.00071950	0.00000000	
Prevotella	0.18302765	0.09712774	0.19457668	0.08178653	0.10241529	0.02367584	0.04187739	0.18801366	0.05366470	0.13581838	0.26753649	0.15764808	0.04541393	0.02658886	0.09036483	0.23387445	0.02497579	0.08761636	0.01533302	0.26208817	0.22912100	0.12771187	0.01908851	0.00893487	0.13331394	0.04364776	0.00430331	0.01309836	0.13819869	0.06005630	0.01639625	0.05190403	0.07906766	0.08463906	0.21150554	0.04688607	
Pseudoflavonifractor	0.00000000	0.00151986	0.00000000	0.00035624	0.00128154	0.00157074	0.00214399	0.00049413	0.00070624	0.00070200	0.00000000	0.00034704	0.00109838	0.00100542	0.00191506	0.00000000	0.00098898	0.00116943	0.00134439	0.00036586	0.00000000	0.00062752	0.00091919	0.00066294	0.00047682	0.00194467	0.00111602	0.00137555	0.00062181	0.00158089	0.00071272	0.00038722	0.00044882	0.00052552	0.00063969	0.00075682	
Roseburia	0.00332641	0.00194013	0.04131229	0.00100407	0.00049231	0.00077948	0.00143439	0.00161548	0.00082035	0.00176253	0.00232953	0.00900306	0.01731894	0.00770303	0.00199702	0.00000000	0.01418365	0.00359073	0.00508314	0.00056709	0.00173398	0.00625406	0.01504499	0.00118604	0.01221968	0.01069660	0.00681253	0.00308064	0.01493801	0.00529255	0.00233632	0.00136378	0.00526415	0.00157168	0.02346763	0.00619605	
Rothia	0.00000000	0.00000000	0.00000000	0.00000000	0.00000000	0.00000000	0.00000000	0.00000000	0.00000000	0.00000000	0.00000000	0.00000000	0.00000000	0.00000000	0.00000000	0.00000000	0.00000000	0.00000000	0.00000000	0.00000000	0.00000000	0.00000000	0.00000000	0.00059043	0.00000000	0.00000000	0.00000000	0.00000000	0.00000000	0.00000000	0.00000000	0.00000000	0.00000000	0.00000000	0.00000000	0.00000000	
Ruminiclostridium	0.00078527	0.00369887	0.00000000	0.00034842	0.00107482	0.00384037	0.00450217	0.00067716	0.00370203	0.00447812	0.00000000	0.00135356	0.00634369	0.00579842	0.00408286	0.00000000	0.00684649	0.01039384	0.01503441	0.00104798	0.00094369	0.00550548	0.00640176	0.00571461	0.00196330	0.00739151	0.00871307	0.00913956	0.00267268	0.00459354	0.00754958	0.00394278	0.00317912	0.00780666	0.00426927	0.00441147	
Ruminococcus	0.02355330	0.03817527	0.02766468	0.00359621	0.00914264	0.03795630	0.00667042	0.01117069	0.01540823	0.04599163	0.01485203	0.02203432	0.01948587	0.02719312	0.00657535	0.00570057	0.01005027	0.01623157	0.01781645	0.01119336	0.00699483	0.02979568	0.07605312	0.02736625	0.03021235	0.02934756	0.00638087	0.02173976	0.00453119	0.01744295	0.02295908	0.00559748	0.03362204	0.04252135	0.02975158	0.03405319	
Salmonella	0.00000000	0.00000000	0.00000000	0.00000000	0.00000000	0.00000000	0.00000000	0.00000000	0.00000000	0.00000000	0.00000000	0.00000000	0.00000000	0.00000000	0.00000000	0.00000000	0.00000000	0.00000000	0.00000000	0.00000000	0.00000000	0.00000000	0.00000000	0.00000000	0.00000000	0.00000000	0.00000000	0.00000000	0.00000000	0.00000000	0.00049552	0.00000000	0.00000000	0.00000000	0.00000000	0.00000000	
Selenomonas	0.00178502	0.00000000	0.00389670	0.00053027	0.00000000	0.00000000	0.00710755	0.00165366	0.00000000	0.00058400	0.00000000	0.00652337	0.00135372	0.00068054	0.00071002	0.00083295	0.00035837	0.00085246	0.00399737	0.00024928	0.00000000	0.00069398	0.00038199	0.00050156	0.00034722	0.00116293	0.00028462	0.00000000	0.00079257	0.00000000	0.00044205	0.00000000	0.00075656	0.00000000	0.00064534	0.00059243	
Slackia	0.00000000	0.00078926	0.00000000	0.00000000	0.00000000	0.00000000	0.00000000	0.00000000	0.00000000	0.00000000	0.00000000	0.00000000	0.00063744	0.00030943	0.00000000	0.00103340	0.00031841	0.00000000	0.00056716	0.00000000	0.00000000	0.00000000	0.00038782	0.00072714	0.00000000	0.00000000	0.00060611	0.00030851	0.00000000	0.00000000	0.00042518	0.00000000	0.00000000	0.00000000	0.00000000	0.00000000	
Solobacterium	0.00000000	0.00036707	0.00000000	0.00000000	0.00000000	0.00000000	0.00000000	0.00000000	0.00000000	0.00000000	0.00000000	0.00000000	0.00037800	0.00141838	0.00059094	0.00000000	0.00016398	0.00000000	0.00000000	0.00000000	0.00000000	0.00000000	0.00000000	0.00048425	0.00000000	0.00000000	0.00045970	0.00000000	0.00000000	0.00000000	0.00161450	0.00023110	0.00000000	0.00000000	0.00000000	0.00000000	
Sphaerochaeta	0.00000000	0.00000000	0.00000000	0.00000000	0.00000000	0.00000000	0.00060936	0.00000000	0.00000000	0.00000000	0.00000000	0.00000000	0.00000000	0.00037212	0.00000000	0.00000000	0.00029287	0.00047471	0.00094167	0.00000000	0.00000000	0.00000000	0.00044646	0.00031789	0.00000000	0.00000000	0.00064602	0.00089280	0.00000000	0.00068717	0.00000000	0.00028215	0.00000000	0.00000000	0.00000000	0.00000000	
Streptococcus	0.00000000	0.00068978	0.00085325	0.00000000	0.00000000	0.00000000	0.00000000	0.01285258	0.00028786	0.00056155	0.00000000	0.00035859	0.00077708	0.00096575	0.00062614	0.00763737	0.00087852	0.00081377	0.00145633	0.00044910	0.01891385	0.00064469	0.00053485	0.00096274	0.00078680	0.00115151	0.00085659	0.00114678	0.00395380	0.00075409	0.00095381	0.00063613	0.00078179	0.00496258	0.00048150	0.00096281	
Subdoligranulum	0.00105865	0.00573374	0.00109379	0.00265979	0.00128177	0.00153458	0.00218873	0.00169783	0.00221368	0.00722631	0.00088221	0.00238877	0.00252352	0.00716132	0.00196297	0.00000000	0.00244215	0.00188988	0.00327812	0.00073893	0.00729103	0.00177226	0.00123390	0.00186971	0.00300726	0.00275393	0.00206408	0.00225179	0.00796893	0.00248245	0.00231804	0.00117411	0.00382726	0.00381102	0.00757509	0.00885165	
Succinatimonas	0.00854738	0.00088998	0.00000000	0.04204681	0.00430551	0.00060133	0.00387674	0.07842202	0.00000000	0.00000000	0.07378757	0.10090817	0.00000000	0.00683654	0.00062037	0.00000000	0.00000000	0.03958561	0.00000000	0.00717374	0.00014987	0.00000000	0.00000000	0.00000000	0.00000000	0.01636929	0.00000000	0.00000000	0.02029521	0.00049787	0.00032597	0.00087371	0.03878492	0.00000000	0.00302099	0.06986240	
Succinimonas	0.00000000	0.00000000	0.00000000	0.00670615	0.00000000	0.00000000	0.00000000	0.00263506	0.00000000	0.00000000	0.00000000	0.00742694	0.00000000	0.00037856	0.00000000	0.00000000	0.00000000	0.00144797	0.00000000	0.00049270	0.00000000	0.00000000	0.00000000	0.00000000	0.00000000	0.00477041	0.00000000	0.00000000	0.00000000	0.00094331	0.00000000	0.00011301	0.00163463	0.00000000	0.00485059	0.00347556	
Sutterella	0.00000000	0.00000000	0.00000000	0.00104992	0.00043921	0.00096952	0.00000000	0.00000000	0.00000000	0.00235475	0.00000000	0.00119161	0.00000000	0.00000000	0.00000000	0.00000000	0.00000000	0.00000000	0.00000000	0.00000000	0.00000000	0.00000000	0.00000000	0.00000000	0.00000000	0.00000000	0.00000000	0.00000000	0.00000000	0.00000000	0.00000000	0.00000000	0.00000000	0.00000000	0.00000000	0.00000000	
Tannerella	0.00000000	0.00000000	0.00000000	0.00048033	0.00191428	0.00000000	0.00159147	0.00000000	0.00159651	0.00000000	0.00000000	0.00000000	0.00000000	0.00018969	0.00048195	0.00000000	0.00000000	0.00000000	0.00000000	0.00062198	0.00000000	0.00025271	0.00000000	0.00000000	0.00000000	0.00000000	0.00000000	0.00000000	0.00000000	0.00036639	0.00000000	0.00073683	0.00000000	0.00048062	0.00000000	0.00000000	
Terrisporobacter	0.00000000	0.00000000	0.00000000	0.00000000	0.00000000	0.00000000	0.00000000	0.00000000	0.00000000	0.00000000	0.00000000	0.00000000	0.00000000	0.00000000	0.00000000	0.00000000	0.00000000	0.00000000	0.00000000	0.00000000	0.00000000	0.00000000	0.00000000	0.00019376	0.00000000	0.00000000	0.00000000	0.00000000	0.00000000	0.00000000	0.00000000	0.00000000	0.00000000	0.00000000	0.00000000	0.00000000	
Treponema	0.03040413	0.08126795	0.00553221	0.00289456	0.04058106	0.00134755	0.00132254	0.06302609	0.03514303	0.08256502	0.04150370	0.01265247	0.12793391	0.06140989	0.10783283	0.00000000	0.00102959	0.01880620	0.00116134	0.12437197	0.00052793	0.00120589	0.27662385	0.00984516	0.03687915	0.00215709	0.02595266	0.05887208	0.00109163	0.04398244	0.00250703	0.03520914	0.00092370	0.26037434	0.00081832	0.00066317	
Turicibacter	0.00000000	0.00000000	0.00000000	0.00000000	0.00000000	0.00000000	0.00000000	0.00000000	0.00000000	0.00000000	0.00000000	0.00000000	0.00000000	0.00024610	0.00000000	0.00000000	0.00000000	0.00000000	0.00000000	0.00000000	0.00000000	0.00000000	0.00000000	0.00000000	0.00000000	0.00000000	0.00054075	0.00000000	0.00000000	0.00000000	0.00000000	0.00023308	0.00000000	0.00000000	0.00000000	0.00000000	
Tyzzerella	0.00000000	0.00000000	0.00072897	0.00000000	0.00000000	0.00000000	0.00000000	0.00000000	0.00000000	0.00000000	0.00000000	0.00000000	0.00040745	0.00031045	0.00000000	0.00000000	0.00000000	0.00000000	0.00000000	0.00000000	0.00000000	0.00037466	0.00000000	0.00027619	0.00055587	0.00000000	0.00000000	0.00000000	0.00000000	0.00000000	0.00000000	0.00000000	0.00000000	0.00000000	0.00000000	0.00000000	
Ureaplasma	0.00000000	0.00000000	0.00000000	0.00000000	0.00000000	0.00000000	0.00000000	0.00000000	0.00000000	0.00000000	0.00000000	0.00000000	0.00000000	0.00000000	0.00000000	0.00000000	0.00000000	0.00000000	0.00000000	0.00000000	0.00232900	0.00000000	0.00000000	0.00000000	0.00000000	0.00000000	0.00000000	0.00000000	0.00000000	0.00000000	0.00000000	0.00000000	0.00000000	0.00000000	0.00000000	0.00000000	
Veillonella	0.00000000	0.00000000	0.00000000	0.00000000	0.00000000	0.00000000	0.00000000	0.00000000	0.00000000	0.00000000	0.00000000	0.00000000	0.00000000	0.00000000	0.00000000	0.00000000	0.00000000	0.00000000	0.00000000	0.00000000	0.00251188	0.00000000	0.00000000	0.00000000	0.00000000	0.00000000	0.00000000	0.00000000	0.00000000	0.00000000	0.00000000	0.00000000	0.00000000	0.00000000	0.00000000	0.00000000	
Weissella	0.00000000	0.00000000	0.00000000	0.00000000	0.00000000	0.00000000	0.00000000	0.00000000	0.00000000	0.00000000	0.00000000	0.00000000	0.00000000	0.00000000	0.00000000	0.00185148	0.00000000	0.00000000	0.00000000	0.00000000	0.00964523	0.00000000	0.00000000	0.00008923	0.00000000	0.00000000	0.00000000	0.00000000	0.00000000	0.00000000	0.00000000	0.00000000	0.00000000	0.00000000	0.00000000	0.00000000	
