2.768
4.164
5.125
2.056
4.048
2.776
0
4.825
2.716
2.776
0
0
2.776
4.259
10.886
3.711
4.844
2.683
4.011
4.098
31.864
4.048
0
5.640
4.171
2.991
0
3.775
30.641
4.421
4.171
0
0.635
22.992
8.285
0
0
3.241
3.188
0
0
0
3.772
6.568
4.688
5.391
4.171
0
4.716
4.255
2.455
6.568
2.908
7.24
0
4.660
2.673
18.639
3.188
3.125
1.313
3.340
3.241
2.395
4.490
4.743
0
4.255
0.995
4.171
2.761
5.391
23.239
3.769
3.287
3.209
0
0.531
2.353
3.217
0
0
6.133
4.844
4.171
23.054
1.979
23.054
0
12.282
4.171
0
0
3.471
3.411
0
4.183
3.241
6.513
2.704
41.037
4.171
1.975
5.515
0
17.420
5.224
0
3.448
17.943
4.077
0
15.862
7.017
4.183
25.455
3.845
5.779
2.746
1.671
0
6.243
15.862
6.051
4.171
3.772
5.082
1.375
1.971
23.239
4.844
2.776
4.340
0
4.259
3.581
3.581
0
6.568
4.449
5.203
3.863
3.411
2.776
6.051
4.180
7.24
23.054
2.776
6.513
4.844
2.144
19.684
6.653
7.24
4.428
2.280
1.975
4.141
2.395
1.555
3.570
15.862
2.624
10.465
3.772
10.242
3.996
6.243
3.013
3.501
4.255
2.991
4.171
0
2.883
0
10.886
9.777
4.198
4.171
6.704
3.574
3.501
10.886
2.750
6.747
0
0
4.255
2.642
0
3.527
3.114
2.939
2.776
0
12.282
4.268
2.776
4.473
2.746
2.412
24.646
5.130
3.411
2.741
5.592
0
4.844
10.776
8.547
19.233
2.080
3.471
3.811
3.780
2.581
2.340
3.201
3.591
0
4.490
5.828
5.828
8.306
4.171
3.654
2.581
3.681
8.422
2.776
0
4.660
11.292
2.412
8.422
4.743
5.574
0
2.581
0
10.465
4.171
8.313
21.429
23.054
0
4.106
4.106
4.098
17.943
0
2.333
15.862
0
3.606
2.742
2.412
0
17.943
3.401
10.465
3.411
19.684
1.596
0
10.465
10.465
6.246
6.246
7.24
6.618
2.583
0
5.657
23.054
3.752
15.753
17.420
2.020
0
3.895
9.777
0
2.776
3.769
4.844
0
0
4.660
2.983
2.412
3.354
4.171
2.750
6.638
2.755
2.411
3.167
0
0
1.439
2.908
3.996
15.862
2.776
4.183
0
4.950
3.846
43.070
4.149
0
4.098
2.080
1.805
3.937
15.753
3.615
0
3.241
25.455
2.126
4.171
8.192
4.171
6.583
4.462
17.420
5.595
2.750
3.769
3.684
0
2.776
7.815
3.241
4.462
0
3.201
0
0
3.895
0
6.181
7.425
4.259
1.805
4.171
6.243
7.575
3.296
5.574
5.237
1.689
3.782
5.237
6.568
10.465
4.171
3.114
4.098
5.237
3.769
1.737
4.255
5.237
2.768
0
5.574
0.564
0
9.493
2.610
0
4.490
2.754
0
2.078
5.574
5.574
4.125
4.125
15.862
0
5.237
34.648
2.361
0
3.243
4.711
4.695
4.739
0
0
4.259
4.171
43.070
4.514
7.24
4.171
9.108
0
0
0
0
4.268
4.268
4.268
0
11.878
0
0
0
0
4.259
