	CA	CDCA	BMCA	DCA	LCA	UDCA	GCA	GCDCA	GDCA	GUDCA	TCA	TCDCA	TDCA	TLCA	TUDCA
Control	0.098063394	0.055759251	0.345893621	0.013700736	0.000289727	0.011994838	0.002796981	8.80456E-05	0.000223223	8.44044E-06	0.289580737	0.006379274	0.009120845	0.000188789	0.00495052
Control	0.130936401	0.060790846	0.528507507	0.047597601	0.000218443	0.039154361	0.001085226	6.08376E-05	0.000611276	0.000346139	0.288378136	0.006421742	0.036954134	0.00017706	0.002554412
Control	0.028923092	0.019938283	0.303416353	0.003498893	0.000368238	0.006855214	0.013445013	0.000423073	0.002509352	0.000347739	0.5894317	0.041031113	0.018586247	0.001064889	0.035955566
Control	0.080793007	0.011918488	0.373074114	0.004079905	2.06819E-05	0.019993816	0.003122423	7.60501E-06	0.000318681	0.000142564	0.33344478	0.006400757	0.014055706	0.000359812	0.007681212
Control	0.312750239	0.086896019	0.661804877	0.027495846	3.98673E-05	0.03676063	0.009555514	6.40681E-05	0.002343897	6.53513E-06	0.804378275	0.006850924	0.022547421	0.000882221	0.00207657
Control	0.517651937	0.14522561	0.909229943	0.074979244	0.005364207	0.035761786	0.023912101	0.00016301	-0.000101504	0.000919304	1.078770634	0.017617062	0.027460536	0.001120929	0.015579902
Control	0.211049705	0.044184006	0.489048737	0.027793752	0.000505519	0.006659575	0.003194607	7.95072E-05	0.000918284	2.21451E-05	0.276475279	0.005991883	0.008760225	0.00046701	0.000797617
Control	0.457321876	0.097206828	1.175926587	0.078744318	0.001113049	0.046157977	0.022218531	4.75926E-05	0.001143432	2.81485E-05	1.210345961	0.006980104	0.066683559	0.004053589	0.00148264
Control	0.142157618	0.058054577	0.374887036	0.025446129	0.000960381	0.010976885	0.008694663	2.18707E-05	0.000539496	2.20038E-05	0.49122081	0.006755526	0.015168117	2.92409E-05	0.001291064
Control	0.144412711	0.060090227	0.250751838	0.022998626	0.000162643	0.010841243	0.002690093	4.33141E-05	0.000193675	1.89438E-05	0.238097296	0.006101909	0.007046412	0.000758892	0.004027185
Control	0.497676708	0.0837431	0.694659842	0.055440792	0.000635417	0.039453664	0.013348761	8.17219E-06	0.000632896	1.89279E-05	0.779319091	0.006165989	0.030977681	-1.4569E-05	0.002928503
Control	0.246373353	0.077419203	0.418210204	0.041089543	0.000584204	0.026777493	0.005717383	5.53954E-05	0.000738145	3.81328E-05	0.351049513	0.006353313	0.019164508	-3.10812E-05	0.002577925
Control	0.398065957	0.077610931	0.769704287	0.050012192	0.000724906	0.051837585	0.010731897	1.33447E-05	1.77971E-05	2.17774E-05	0.800144168	0.006004792	0.043554068	8.95297E-05	0.003574995
Control	0.309977884	0.080833526	0.427468406	0.046297374	0.001620161	0.021040612	0.012257479	7.5666E-05	0.001770746	5.16814E-05	0.559886513	0.006335482	0.032119496	0.000138683	0.002229727
L.animalis	0.217317984	0.041958953	0.474848417	0.024964111	0.000134036	0.015644077	0.002077538	-7.19701E-07	0.000281802	8.85701E-05	0.332090475	0.006479191	0.008298733	0.00018131	0.000435687
L.animalis	0.153344063	0.046537917	0.351540063	0.042093373	0.00083148	0.04989879	0.001995555	5.87741E-06	0.000545953	2.66642E-05	0.389693757	0.006310747	0.03806817	0.001080836	0.004589899
L.animalis	0.280266613	0.052965945	0.57107876	0.036464194	0.000869505	0.032728582	0.008930855	4.24253E-06	0.002385893	9.61029E-05	0.580319487	0.00629118	0.03152934	8.12786E-05	0.000432428
L.animalis	0.213655966	0.047262941	0.501906037	0.057037618	0.00117464	0.038097327	0.004054678	9.9988E-06	0.001258388	2.03502E-05	0.435528791	0.006209703	0.04649591	0.000181587	0.003990655
L.animalis	0.229741848	0.049474075	0.634711817	0.034001295	0.000652669	0.035104113	0.003811633	2.54843E-05	0.000513948	2.31843E-06	0.370093393	0.006259736	0.017146478	-3.35364E-05	0.000766458
L.animalis	0.097838208	0.03895831	0.320488363	0.021553368	0.00042031	0.0050846	0.003686319	4.1308E-05	0.000632468	2.39003E-05	0.384422081	0.006886432	0.019291624	0.000117401	0.002474512
L.animalis	0.045278909	0.035578515	0.138891302	0.027956481	0.000803904	0.007216112	0.005631586	9.07498E-05	0.000180141	0.000209754	0.081966876	0.006454725	0.007621505	0.000134426	0.000403831
L.animalis	0.223950636	0.058430073	0.591610211	0.033071799	0.00030347	0.021581971	0.01665107	2.13027E-05	0.000808657	4.91619E-05	0.669084156	0.006609393	0.036601685	6.60624E-05	0.003152413
L.animalis	0.442570534	0.057528799	0.65784744	0.0371236	6.32635E-06	0.025699016	0.042902057	6.59952E-05	0.000835716	8.97268E-05	0.790159318	0.006480414	0.02622018	0.000354995	0.003435437
L.animalis	0.191557115	0.055415386	0.48509971	0.019666558	1.91836E-05	0.01910191	0.007336726	0.000194537	0.00052758	0.000376739	0.705393813	0.007842289	0.021040673	0.000161042	0.000540993
L.animalis	0.053462731	0.046655217	0.107422882	0.026411198	0.000189734	0.004481555	-0.001157993	1.18172E-06	0.000107462	7.27675E-05	0.154398715	0.005930985	0.011035931	9.84018E-05	0.003246861
L.animalis	0.11197726	0.055981052	0.304020605	0.044580677	0.000668925	0.026793853	0.002559715	1.39648E-05	0.000612903	4.92539E-05	0.387785764	0.006355045	0.041215671	6.98871E-06	0.001813343
L.animalis	0.009382858	0.023510701	0.155605798	0.030735757	8.58434E-05	0.014829436	-8.43866E-05	2.24116E-05	0.00116084	2.43902E-05	0.101716591	0.006001274	0.016222954	0.00075678	0.010676359
L.animalis	0.138974153	0.045999211	0.218886102	0.031308699	0.000124096	0.012923126	0.005040121	1.09166E-05	0.000316861	0.000113333	0.204731199	0.00618691	0.012314035	0.000155954	0.001364876
L.fermentum	0.33709284	0.11229715	0.796262273	0.029774233	0.000948638	0.035774047	0.010018399	5.55402E-05	0.000251853	0.000158853	0.556370065	0.006694028	0.015003796	0.00024261	0.004215826
L.fermentum	0.19741229	0.01976506	0.531707287	0.014497228	0.000745084	0.007413789	0.008319628	6.11019E-05	-9.48256E-06	1.57377E-05	0.561201734	0.006051185	0.003198649	-9.06805E-06	0.007309106
L.fermentum	0.132806058	0.05423053	0.35582489	0.078166812	0.001014305	0.045364071	0.001008788	4.14967E-06	0.000735515	5.95558E-05	0.14766213	0.006220529	0.02869211	-4.98815E-05	0.000589146
L.fermentum	0.492520414	0.237301237	1.676629173	0.029830135	0.052955076	0.035921803	0.020442121	0.000108486	-9.05463E-05	2.40942E-05	1.433393612	0.010108952	0.035216096	0.000337024	0.008479271
L.fermentum	0.113146755	0.101530372	0.531680906	0.026434334	0.000537979	0.040471795	0.004580386	6.95259E-05	7.32721E-05	5.92151E-05	0.319066749	0.006374633	0.019854488	0.000349751	0.000741819
L.fermentum	0.774627043	0.174053498	1.365425844	0.08199838	9.07951E-05	0.084539047	0.042252884	3.65097E-05	0.003563903	8.89627E-06	1.429011037	0.006616774	0.065356345	0.000719978	0.002465861
L.fermentum	0.421242869	0.221557357	1.156884642	0.044118086	0.000628569	0.135707295	0.01417397	1.91022E-05	0.000790321	9.06147E-06	0.889113483	0.007818783	0.03555024	0.001641434	0.003971366
L.fermentum	0.414702473	0.049148167	0.797981919	0.048261764	0.000726968	0.009848307	0.007520691	0.00020031	0.000926841	9.30174E-05	0.37820964	0.006069078	0.017035357	0.000107351	0.000424952
L.fermentum	0.26073643	0.071409698	0.675269999	0.025973956	0.000328992	0.024945064	0.003984508	4.10335E-05	5.31308E-05	0.000548899	0.542410379	0.006166896	0.013585993	0.000163509	0.001487069
L.fermentum	0.546270864	0.138018083	0.790989728	0.055543388	0.004294415	0.032184311	0.012380902	5.42423E-05	0.000507661	1.93635E-05	0.901091885	0.006767961	0.036929478	4.20732E-05	0.003468232
L.fermentum	0.142327763	0.036960705	0.234891362	0.056343719	0.000721892	0.004961325	0.000595403	-1.16471E-06	0.000774036	6.00545E-05	0.224133836	0.005962303	0.027043306	-2.95257E-05	0.003685544
L.fermentum	0.132740726	0.070658714	0.42119169	0.029022561	0.000690715	0.003981904	0.001984125	7.22322E-06	0.000558192	0.000391809	0.314514203	0.006644369	0.018697271	6.29401E-05	0.000840602
L.fermentum	0.346367586	0.104139653	0.933302911	0.028314632	0.000535774	0.027911392	0.010003678	0.00020204	0.000155393	7.17393E-05	0.633310401	0.00692394	0.014436448	-2.40384E-05	0.000225444
L.fermentum	0.213134139	0.097107891	0.744938027	0.023967813	0.000420498	0.024912804	0.010141966	8.46822E-06	5.41024E-06	0.000190264	0.462519654	0.007076271	0.014964001	-8.09831E-05	0.000478427
L.salvarious	0.274087772	0.062480531	0.519469181	0.046737165	0.003101349	0.022700493	0.005507916	-2.23056E-06	0.000778829	2.79992E-05	0.499405495	0.005942907	0.035327643	0.000221505	0.002712962
L.salvarious	0.371036993	0.08236391	0.607487503	0.05560516	0.000143939	0.043754089	0.007060691	0.000134142	0.000784722	3.83291E-05	0.838556397	0.007019606	0.050220243	0.000232527	0.001656772
L.salvarious	0.331745055	0.060378919	0.949304109	0.053794595	0.000119556	0.043986234	0.006150964	3.69995E-06	0.000557191	5.74618E-05	0.670092282	0.006123322	0.040840612	-4.20404E-05	0.005108364
L.salvarious	0.298841691	0.075125346	0.662149352	0.061268108	2.63639E-05	0.026076389	0.015915397	1.46961E-05	0.002503726	0.000117397	0.456366797	0.006157726	0.035682312	6.75125E-05	0.002467174
L.salvarious	0.21423568	0.057922413	0.389070695	0.048368708	0.000643274	0.020026597	0.003480398	3.20033E-05	0.000291623	1.93933E-05	0.409209024	0.006561979	0.030465103	0.000235115	0.00158912
L.salvarious	0.280852473	0.04371566	0.660374358	0.039653438	0.000109646	0.033733393	0.009309553	-4.68515E-07	0.001778499	3.63462E-06	0.765900016	0.00780771	0.041494376	7.40061E-05	0.005316288
L.salvarious	0.343630716	0.059580822	0.810050514	0.070156746	-3.08379E-05	0.032441606	0.009436371	-7.12672E-06	0.00142571	9.44233E-05	0.762316551	0.007317718	0.061879192	0.001004114	0.000701685
L.salvarious	0.087803238	0.053794917	0.408517621	0.04048624	5.93866E-05	0.024341993	0.000803694	5.76185E-05	8.40096E-05	5.07324E-05	0.384372141	0.00668172	0.040686925	0.000309957	0.005497038
L.salvarious	0.292437263	0.078984057	0.539137978	0.065610499	0.000218234	0.019224962	0.004117734	1.03841E-05	0.000296781	6.84019E-05	0.402068296	0.007332315	0.027591053	0.00042257	0.001306165
L.salvarious	0.157773692	0.07535607	0.322863555	0.052014887	0.000197214	0.037099596	0.000906187	4.88203E-06	4.28753E-05	0.000182041	0.222668884	0.006142638	0.024087371	7.47402E-05	0.000817679
L.salvarious	0.386789924	0.085061562	0.437923436	0.035715413	3.28311E-05	0.022719839	0.008722703	1.35108E-05	-2.29478E-05	5.87532E-05	0.405151127	0.006332955	0.015883158	-7.15338E-05	0.031728459
L.salvarious	0.210607358	0.07523703	0.293948208	0.023606793	0.026700256	0.014640084	0.00711939	9.66073E-06	0.000113301	4.39692E-05	0.201505565	0.00671527	0.003063193	2.88504E-05	0.000839913
L.salvarious	0.286052499	0.129486069	0.524256621	0.025776172	0.000525457	0.046514398	0.003290305	1.7778E-05	0.000113358	2.57514E-05	0.59680942	0.006583202	0.013037403	0.000170741	0.001281548
L.salvarious	0.262566687	0.070340196	0.393457199	0.047807649	0.000428834	0.026416269	0.008380752	1.69741E-05	0.001052799	3.39577E-05	0.43584633	0.006662131	0.037624392	0.002915321	0.000256256
L.reuteri	0.211063764	0.050105693	0.537724247	0.054529755	0.000807443	0.025104306	0.003862832	3.78522E-05	0.000228992	7.58934E-05	0.452176919	0.006115055	0.036340348	0.000262988	0.000336906
L.reuteri	0.458572612	0.100955509	1.742161037	0.018842562	0.000289442	0.045905246	0.018572983	5.48161E-05	0.000568687	2.5272E-05	1.240430257	0.007773894	0.016722548	0.000284115	0.001734925
L.reuteri	0.216844148	0.060829455	0.663266398	0.035798143	0.000468746	0.024881097	0.003034347	6.26179E-06	0.000486036	6.21137E-05	0.470510198	0.00623124	0.024780241	0.001273617	0.005277664
L.reuteri	0.383255344	0.0328836	0.705892911	0.050661013	0.000768285	0.010361687	0.010921342	2.94887E-08	0.000410547	4.07655E-05	0.573926568	0.006708785	0.023852602	0.000168798	0.000937624
L.reuteri	0.139454816	0.031898938	0.239433166	0.039668629	0.000566439	0.006032921	0.002934908	9.41467E-06	-2.20338E-05	6.67817E-05	0.178029174	0.006066251	0.012946288	-5.44468E-05	0.00170965
L.reuteri	0.191806229	0.064547398	0.596785951	0.060819361	0.000239398	0.043767268	0.014901636	9.0087E-06	0.003200592	6.1114E-05	0.725433925	0.00656383	0.072857563	0.000833808	0.00746915
L.reuteri	0.278204454	0.059867765	0.530770467	0.04803263	0.000655488	0.017372201	0.00694094	3.6333E-05	0.001132226	8.19765E-05	0.414902702	0.006239397	0.021134538	1.43423E-05	0.001741297
L.reuteri	0.089401444	0.044465155	0.247865507	0.018933435	0.00109847	0.011789662	0.00081309	4.23899E-05	-7.48016E-05	0.000321411	0.275679832	0.005973923	-0.010154775	-5.29153E-05	0.001633792
L.reuteri	0.176390798	0.054609328	0.555923168	0.04861985	0.000645883	0.016066381	0.003868278	2.03926E-05	0.001347404	2.78725E-05	0.432703266	0.006646102	-0.006973006	3.79022E-05	0.00272379
L.reuteri	0.213263001	0.050633328	0.476673875	0.044525565	0.000150379	0.013748382	0.004332798	2.73808E-05	0.00031387	2.78288E-05	0.507748031	0.006393279	0.03107729	0.002569497	0.001031746
L.reuteri	0.157411997	0.058146831	0.384449933	0.074956045	0.000136476	0.033232215	0.000223792	0.000104276	0.00200418	1.63736E-05	0.446393139	0.006975385	0.064568971	0.000387897	0.001309766
L.reuteri	0.127392575	0.020238197	0.620708497	0.028314544	0.000496253	0.004800308	0.004388977	-2.68978E-06	0.00026487	0.000923728	0.521312669	0.006127155	0.025422683	0.000269622	0.000477675
L.reuteri	0.173235255	0.05717855	0.553537378	0.019132515	0.000726381	0.017371988	0.002300181	-1.6212E-07	0.000157009	6.30904E-05	0.478454725	0.0070569	0.011572836	7.53129E-05	0.000662606
L.reuteri	0.330092877	0.065201233	0.642025247	0.056905702	0.000160782	0.021506528	0.020126634	7.03351E-05	0.000953098	0.000125499	0.597469931	0.00673682	0.042082804	9.1028E-05	0.002655879
L.reuteriHQ	0.234077115	0.079106007	0.746472003	0.033756347	0.000552581	0.050201006	0.004386598	6.77314E-06	-4.16349E-05	8.37297E-06	0.779814384	0.007545816	0.04381219	0.003182506	0.003495205
L.reuteriHQ	0.498770072	0.144109221	0.726867474	0.053970305	0.002813315	0.035738748	0.009201466	5.17091E-05	0.000864212	5.50291E-05	1.020968194	0.007035849	0.035136131	0.000353469	0.001704467
L.reuteriHQ	0.356557172	0.079000817	0.748951248	0.100536328	0.000321092	0.055187739	0.008337704	0.000124751	0.001242857	6.80905E-05	0.598671471	0.007851283	0.064646632	0.000693941	0.003498514
L.reuteriHQ	0.324840511	0.080898338	0.747038134	0.06824995	0.000276659	0.054043019	0.01059785	0.000315686	0.001884364	0.000286464	0.969692447	0.008722368	0.076807196	0.000584485	0.001288939
L.reuteriHQ	0.454870265	0.087909488	0.957757042	0.077839812	0.000956927	0.058200383	0.01381175	-9.18821E-06	0.002375913	0.000109952	0.909563194	0.007895545	0.058205513	-3.71724E-05	0.000945053
L.reuteriHQ	0.472890703	0.072272788	1.07237409	0.071114535	0.000838253	0.062099336	0.012057189	4.32824E-06	0.001682457	6.80862E-05	1.388952335	0.009410655	0.083471761	0.000642739	0.005997151
L.reuteriHQ	0.341828826	0.071195829	0.79863053	0.035344682	0.000362803	0.058776702	0.00614836	1.58043E-06	0.000916042	3.48867E-05	0.921669645	0.007417512	0.036443778	0.00078702	0.001040431
L.reuteriHQ	0.16370141	0.055738228	0.445983371	0.035783761	0.000519162	0.034127645	0.001688205	2.60721E-05	0.001760719	0.000116379	0.53413546	0.006598071	0.039342107	0.000105884	0.001453553
L.reuteriHQ	0.242158997	0.058078425	0.522091867	0.071746233	0.000144234	0.044910827	0.005055858	8.84417E-05	0.001030364	1.28903E-05	0.548531388	0.007114563	0.069622321	8.07732E-05	0.001438007
L.reuteriHQ	0.317009485	0.055547822	0.76600987	0.047399001	0.000425954	0.030842949	0.00629982	1.79338E-05	-5.94311E-05	1.22822E-05	0.573332559	0.006438532	0.028490847	0.000365699	0.000503503
L.reuteriHQ	0.283250725	0.061486897	0.446227559	0.038800988	0.000374761	0.030484262	0.008636564	1.60652E-06	-3.83826E-05	0.000257016	0.495615849	0.006529813	0.025159671	0.000854682	0.009795519
L.reuteriHQ	0.13940927	0.03530148	0.259913419	0.047266126	0.003033311	0.016659645	0.001471736	0.000341152	0.00041776	9.61532E-05	0.201888227	0.006939638	0.021481064	0.00010583	0.000482447
L.reuteriHQ	0.33560018	0.074947972	1.167270669	0.044399911	0.001110505	0.073838667	0.014138509	5.59557E-06	0.001078312	3.28813E-05	1.066779369	0.008047263	0.051823547	6.74472E-07	0.00471647
L.reuteriHQ	0.407785984	0.131144308	1.345331458	0.030926621	0.000108792	0.066243926	0.007292619	1.69944E-05	7.9654E-06	1.54363E-05	1.740332416	0.015805448	0.062484704	0.000820396	0.048064567
HQ	0.534351175	0.195430588	0.857351022	0.08382959	0.000320368	0.07573106	0.009068738	-2.24427E-06	-1.7316E-05	2.50566E-05	0.753688175	0.006989229	0.047506749	0.000490971	0.001722432
HQ	1.091273063	0.180043865	1.456258948	0.16295995	0.000615988	0.089850886	0.024471504	0.000409676	0.002206661	8.61356E-05	1.668311018	0.006723229	0.133467841	0.001290866	0.002481177
HQ	0.887127025	0.18719612	1.794070412	0.055176701	0.000665468	0.106492858	0.025161711	5.61802E-05	0.001768242	2.10726E-05	2.301906991	0.008302824	0.058694259	0.003096324	0.006861471
HQ	0.535716406	0.100373309	0.762164902	0.072266965	0.001389328	0.051490229	0.013379699	4.40753E-06	0.00137833	0.000137243	0.68741854	0.006872689	0.041823738	-1.40427E-06	0.002759548
HQ	1.49078598	0.30788755	1.742599454	0.069325294	0.000777099	0.078418297	0.03003468	3.57569E-05	0.000664455	3.62406E-05	2.973008048	0.010115313	0.068287957	0.000513227	0.001097297
HQ	0.700228815	0.117464359	0.895464096	0.066032685	0.000874242	0.073072361	0.013802758	7.95918E-05	0.000489787	7.22123E-05	1.142927921	0.006816606	0.050869222	0.000565438	0.00185185
HQ	0.72627794	0.2054853	1.381465355	0.08257295	0.000709024	0.116531035	0.016970118	9.7197E-05	0.000277213	3.46919E-05	1.526132358	0.007860909	0.080128323	0.000252952	0.002006123
HQ	0.575945561	0.188227608	1.30141063	0.048311621	0.000725838	0.089933787	0.019902026	0.000160147	4.09374E-05	0.000124557	1.137896701	0.008655205	0.044715874	0.005139071	0.005011964
HQ	1.871015457	0.207800644	2.941237506	0.207324904	0.001178356	0.15383524	0.051476095	6.98782E-06	0.005123986	3.92535E-05	2.877136263	0.007310718	0.160860216	-2.40519E-05	0.000917216
HQ	0.152723326	0.08137513	0.417082421	0.018890888	0.001896465	0.023385003	0.003267277	2.52678E-05	-2.06807E-05	2.39802E-05	0.315575114	0.006423361	0.011632134	0.001115928	0.000877262
HQ	0.460663919	0.135739461	1.267053177	0.050536042	0.000307553	0.073129578	0.020298369	-1.91059E-07	0.000414167	6.26652E-05	0.960420738	0.006663653	0.034445602	0.00082427	0.001065793
HQ	0.31436147	0.081206771	0.598835686	0.047821659	2.35371E-05	0.037675798	0.003974126	2.98764E-05	0.000544549	0.0003226	0.56853715	0.006812118	0.030060234	-2.22591E-05	0.000682248
HQ	0.447116815	0.069157243	0.70454132	0.065441327	0.000263354	0.047467086	0.00584406	7.80468E-05	0.002048498	2.09143E-05	0.548760039	0.006129384	0.033461116	7.41206E-05	0.000642805
HQ	0.152264745	0.042138669	0.156512781	0.057044377	0.000287984	0.011742016	0.00175036	8.22771E-06	-2.99984E-05	2.47995E-05	0.165419414	0.006403166	0.017042997	0.000497751	0.00037603
