	CA	CDCA	BMCA	DCA	LCA	UDCA	GCA	GCDCA	GDCA	GUDCA	TCA	TCDCA	TDCA	TLCA	TUDCA
Control	0.396450319	0.000518451	0.348083492	0.020356503	0.001764939	0.001402331	0	4.89E-04	0.003485215	2.61E-04	0.030905002	0.0030129	0.024861876	2.48E-04	0.002804817
Control	0.849143445	0.000345706	0.374272273	0.006970102	5.91E-04	0.00137703	0.000294548	1.18E-04	0.003657279	2.00E-04	0.293538028	0.0154462	0.161514286	0.000275451	0.003510018
Control	0.492677685	0.000757568	0.250195229	0.040863168	0.002626284	0.001401081	0.000414748	0.000107584	0.004014152	1.47E-04	0.024283952	0.003153154	0.035427026	6.31E-05	0.002279102
Control	0.391183377	8.22E-05	0.22639124	0.036027529	0	0.000107188	0.000453951	3.33E-05	0.003297934	1.91E-04	0.084189343	0.004866365	0.194582779	0.000350662	0.002181079
Control	0.570172452	0.000321388	0.336818763	0.078446533	0	0.000685398	0.004339186	2.65E-04	0.004693201	2.32E-04	0.793379121	0.039690416	0.695439988	1.25E-04	0.006549534
Control	0.818825313	0.001134612	0.361373162	0.063175404	0.000514548	0.001903826	0.002286485	1.72E-04	0.009673121	3.58E-04	0.106762277	0.0150342	0.328069681	3.24E-04	0.00642122
Control	0.60183283	0.001306584	0.455391313	0.132215654	0.000747548	0.006945193	0.001880156	1.54E-04	1.57E-02	1.77E-04	0.393732281	0.019415363	0.480626002	7.33E-04	0.007070039
Control	0.431860288	0.000434604	0.176178706	0.069462873	0.015664376	0.000546503	0.001994466	1.98E-04	0.008217075	7.12E-04	0.23791297	0.016265675	0.485742212	1.25E-04	0.004520717
L.animalis	0.334488061	7.81E-05	0.282522362	0.015599775	0	0.000293042	0.002548047	1.16E-04	0.006248137	1.50E-04	0.504497833	0.020976444	0.33066274	2.94E-04	0.007042634
L.animalis	0.325955205	0.001108962	0.464447318	0.131738811	0	0.006813445	0.002506634	9.59E-05	0.00335067	2.91E-04	0.351735609	0.01843753	0.20761807	0.000385728	0.010823194
L.animalis	0.446139833	0.000220629	0.242132223	0.068536823	0.0006678	0.000685047	0.002525855	1.55E-04	0.029840736	1.20E-04	0.183124661	0.008104983	0.468560988	1.27E-04	0.006783611
L.animalis	0.638071134	0.003053553	0.960079463	0.386281878	0.000669347	0.014342076	0.00117573	5.29E-04	0.008174246	1.05E-04	0.318001669	0.012588696	0.298809718	4.19E-04	0.000622427
L.animalis	0.445936428	0.00179026	0.430246056	0.240157149	0.000912665	0.010319257	0.001204858	1.40E-04	0.000633075	1.23E-04	0.008462102	0.001763503	0.094623162	1.74E-04	0.001350918
L.animalis	0.156702132	0.000151357	0.220098613	0.026503868	0	0.000821054	0	9.65E-05	0.000944002	0.000108257	0	0	0.003119337	4.18E-05	4.80E-04
L.animalis	0.546875663	0.001424633	0.433338618	0.26876926	7.59E-05	0.005317681	0.001303584	2.47E-04	0.009099572	1.25E-04	0.080227185	0.015030869	0.489794912	3.32E-03	0.009102755
L.animalis	0.117352455	0.000259569	0.234395528	0.066805221	2.12E-04	0.002286526	0.00E+00	2.51E-04	0.004295906	1.38E-04	0	0	0	7.34E-05	0.0008829
L.fermentum	0.086124731	0	0.143265245	0.000919705	0.000248362	9.67E-06	0.00124453	2.54E-04	0.00E+00	1.76E-04	0.560618412	0.020579993	0.168335307	0.00E+00	0.001952325
L.fermentum	0.204145239	0.001389376	0.479049502	0.128338046	0	0.006463511	0	1.48E-04	0.004256252	6.05E-05	0	9.66E-04	7.01E-02	2.90E-04	0.00410026
L.fermentum	0.299956014	0.003284948	0.488878767	0.164552628	0.001192916	0.008439417	0.000371301	1.25E-04	3.95E-03	6.46E-05	0.019150951	0.006167645	0.043263544	0.000201756	0.004505355
L.fermentum	0.264104107	0	0.246406556	0.01197422	0.0005639	0	0.001989012	5.85E-04	0.012362189	9.26E-05	0.319023095	0.012205732	0.199079752	0.000443735	0.002767101
L.fermentum	0.041317517	0.000326511	0.146692501	0.03378281	0	0.00129381	0.000217844	7.23E-04	3.25E-03	1.88E-04	0.228545316	0.010312933	0.111458004	0.000106373	0.003417925
L.fermentum	0.172647595	0.000297799	0.256780807	0.078264849	0.001466084	0.000279203	0	1.53E-03	0.003451618	1.77E-04	0	0.000580992	0.174187247	5.32E-05	0.001054323
L.fermentum	0.403425533	0.001204835	0.391932474	0.061503509	0.000581935	0.001283249	0.002869458	0.000118538	0.007687422	1.53E-04	0.846679151	0.042627974	0.396866811	7.02E-05	0.007311903
L.fermentum	0.30801764	0.00177705	0.378093816	0.084301122	0	0.003033593	0.003892104	5.23E-04	6.76E-03	5.58E-05	0.713871419	0.037581299	0.226368198	1.62E-04	0.005929559
L.salvarious	1.094597189	0.002760596	1.354887896	0.311605552	0.005018826	0.009802975	0.000587645	1.68E-04	0.016909116	1.36E-04	0.235941039	0.00922056	0.251810627	5.65E-05	0.002452914
L.salvarious	0.538831327	0.002005967	0.702260359	0.163393075	6.29E-04	0.00534669	0.005981742	1.34E-04	0.017571925	1.49E-04	0.672076809	0.035277872	0.726185333	0.00E+00	0.007102849
L.salvarious	0.362274626	0.000867251	0.512148335	0.142117414	0.000190554	0.002380461	0	1.53E-05	0.001418283	1.49E-04	0.086326186	0.008299225	0.294898933	1.42E-03	0.00479116
L.salvarious	0.299225371	0.000616494	0.439750798	0.217233158	0.00E+00	0.002752694	0.001736997	1.58E-03	5.56E-03	3.85E-04	0.091418256	0.015231852	0.231624652	0.000238246	0.00794524
L.salvarious	0.731933687	0.003248655	0.944950523	0.211296179	0.000628763	0.012291274	0	3.53E-04	2.37E-04	4.73E-05	0.013019865	0.007467723	0.086907224	0.00E+00	0.004234668
L.salvarious	0.186964121	0.000448206	0.117252513	0.00651886	0	0.000668498	0.000360566	6.15E-04	0.003404194	2.67E-04	0.055428853	0.012582189	0.055851396	0.00E+00	0.002994968
L.salvarious	0.172666216	0.000906653	0.121256904	0.023467558	0	0.001756544	0.00130101	1.67E-04	0.000780011	1.81E-04	0.297665512	0.023671935	0.084160867	0.0001841	0.009827847
L.salvarious	0.139189109	0	0.070022603	0.118391101	0.125032699	0	0.002708082	9.35E-04	8.31E-03	9.50E-04	0.474223857	0.02833354	0.875119005	0.002393843	0.011193664
L.reuteri	0.747303015	0.000951373	0.79390787	0.181530376	0.00415781	0.005773612	0.000152462	1.34E-04	0.004928264	1.64E-04	0.000668331	0.011094861	0.08438814	3.97E-04	0.002177511
L.reuteri	0.885568255	0.000172642	0.567234146	0.186888511	0.000438395	0.000994964	0.006321942	2.38E-04	0.007025786	1.51E-04	0.561747065	0.046481123	0.691532053	0.000753439	0.004430854
L.reuteri	0.408206613	3.66E-07	0.265499183	0.071646384	0.001439928	0.000498457	0.001369677	4.98E-04	3.74E-03	4.45E-05	0.05161079	0.015965729	0.275126442	3.83E-05	0.002756547
L.reuteri	0.881819089	0.000809937	0.427271246	0.112294905	0.215809103	0.001564499	0.002892296	4.15E-05	0.005059099	3.83E-04	0.361289301	0.04331877	0.544531587	7.75E-05	0.00863306
L.reuteri	0.809827316	0.0016411	0.863933839	0.090006449	0.000195135	0.00422675	0	1.37E-04	2.21E-03	6.45E-05	0	0.009575161	0.048195797	1.66E-04	0.002556543
L.reuteri	1.109719147	0.00151705	1.037739943	0.169596515	0.003300006	0.003976286	0.002234715	2.78E-04	0.015490017	4.45E-04	0.345626548	0.024235334	0.421089977	9.01E-04	0.005132912
L.reuteri	0.920629912	0.003857166	1.048504573	0.5396376	0.000126998	0.012651482	0.001584748	5.33E-06	0.010015953	1.67E-04	0.171423625	0.016738461	0.68813616	2.28E-05	0.010249116
L.reuteri	0.591627535	0.000344222	0.239431603	0.066296465	0.00199687	0.000656837	0.002833514	1.26E-03	0.005897563	1.33E-04	0.39702452	0.025178884	0.339923621	1.93E-04	0.006160158
L.reuteriHQ	1.270513616	0.002538766	1.087948872	0.272313561	0.00074997	0.012791414	0.001531907	1.02E-03	1.06E-02	1.21E-04	0.278851612	0.019280015	0.266398673	8.54E-05	0.005467288
L.reuteriHQ	1.057404782	0.00287072	1.297819662	0.393644249	0.004328385	0.011157253	0.000526416	0.000248469	0.007166914	1.27E-04	0.36349057	0.024629626	0.594636884	0.00023526	0.00789036
L.reuteriHQ	1.90688786	0.003495225	1.363664944	0.549240646	0.002234454	0.01610978	0.005053422	0.000502351	0.01964213	3.13E-04	0.324184476	0.018911613	0.426991948	3.90E-05	0.004305021
L.reuteriHQ	1.45714677	0.003237807	1.222946788	0.430356144	0.002515036	0.012719531	0.010434181	5.68E-04	0.025643595	1.08E-04	1.727422519	0.074314994	1.611620303	1.48E-04	0.012334502
L.reuteriHQ	0.922295837	0.002370435	0.927734402	0.515237347	0.000497999	0.01153956	0.000485539	2.81E-04	0.007315346	1.06E-04	0.166156829	0.010180872	0.438331838	9.04E-06	6.21E-03
L.reuteriHQ	0.996675826	0.000665068	0.667218262	0.15096236	0.000132837	0.003717307	0.004014023	3.75E-04	6.48E-03	1.32E-04	0.599811416	0.038270012	0.439361506	0.000605588	0.010351134
L.reuteriHQ	3.178421657	0.005706184	2.422918172	0.621577643	0.001679531	0.028663608	0.00746189	9.12E-05	0.016544795	2.31E-04	0.715585131	0.048361563	5.21E-01	1.23E-04	1.01E-02
L.reuteriHQ	3.250887419	0.00416327	2.987963246	0.350854771	0.000540893	0.014111078	0.004380421	1.98E-04	7.22E-03	1.22E-04	0.551102116	0.033024712	0.27054087	7.25E-05	0.003617104
HQ	0.881024243	0.002451878	0.617989357	0.356599324	0.002662189	0.006297331	0.00259578	0.000476703	0.027644148	2.96E-04	0.2203716	0.024308875	0.691235305	0.000190827	0.005003079
HQ	1.981834176	0.003971285	1.613212842	0.162223607	0.003679059	0.012119755	0.002987776	2.58E-04	0.005287442	1.71E-04	0.231451623	0.015567483	0.101856193	0.00044994	0.003927694
HQ	0.702360749	0.001099112	0.529180453	0.102652077	0.000840248	0.00480321	0.002324297	2.41E-04	0.011367001	2.09E-04	0.138131448	0.014053255	0.160289149	0.00E+00	0.002578885
HQ	1.123985197	0.001747204	0.487973508	0.183129137	0.00134826	0.005326463	0.002220688	8.43E-05	0.002698044	1.85E-04	0.519785948	0.023140196	0.352599831	0.00E+00	0.00823409
HQ	1.63474881	0.004201361	0.925146523	0.242657988	0.061067106	0.01226027	0.001351304	4.21E-04	0.008104196	1.97E-04	0.297517771	0.017709594	0.311642827	0	0.001872019
HQ	1.178710721	0.005080648	0.790950397	0.196477626	0.003838299	0.012121765	0.003414493	1.50E-04	9.96E-03	2.19E-04	0.495964841	0.037063831	0.26821253	0.000597948	0.006353411
HQ	1.156923779	0.001956413	0.533021702	0.064626581	0.000615594	0.005595711	0.004724615	3.18E-04	0.011123628	3.58E-04	0.755346773	0.037462431	3.79E-01	0	0.008723902
HQ	1.133650769	0.002123603	0.686032766	0.217329521	0.00118562	0.007374462	0.004614031	7.27E-04	0.015074202	3.67E-04	0.397150196	0.023555089	0.396999796	0.00E+00	0.006349736
